   -1.53956 1.00098   -1.53954 1.00098   -1.53953 1.00098   -1.53951 1.00098
   -1.53950 1.00098   -1.53948 1.00098   -1.53946 1.00098   -1.53945 1.00098
   -1.53943 1.00098   -1.53942 1.00098   -1.53940 1.00099   -1.53939 1.00099
   -1.53937 1.00099   -1.53936 1.00099   -1.53934 1.00099   -1.53933 1.00099
   -1.53931 1.00099   -1.53930 1.00099   -1.53928 1.00099   -1.53926 1.00099
   -1.53925 1.00099   -1.53923 1.00100   -1.53922 1.00100   -1.53920 1.00100
   -1.53919 1.00100   -1.53917 1.00100   -1.53916 1.00100   -1.53914 1.00100
   -1.53912 1.00100   -1.53911 1.00100   -1.53909 1.00100   -1.53908 1.00101
   -1.53906 1.00101   -1.53905 1.00101   -1.53903 1.00101   -1.53901 1.00101
   -1.53900 1.00101   -1.53898 1.00101   -1.53897 1.00101   -1.53895 1.00101
   -1.53893 1.00101   -1.53892 1.00102   -1.53890 1.00102   -1.53889 1.00102
   -1.53887 1.00102   -1.53886 1.00102   -1.53884 1.00102   -1.53882 1.00102
   -1.53881 1.00102   -1.53879 1.00102   -1.53878 1.00102   -1.53876 1.00103
   -1.53874 1.00103   -1.53873 1.00103   -1.53871 1.00103   -1.53869 1.00103
   -1.53868 1.00103   -1.53866 1.00103   -1.53865 1.00103   -1.53863 1.00103
   -1.53861 1.00104   -1.53860 1.00104   -1.53858 1.00104   -1.53857 1.00104
   -1.53855 1.00104   -1.53853 1.00104   -1.53852 1.00104   -1.53850 1.00104
   -1.53848 1.00104   -1.53847 1.00104   -1.53845 1.00105   -1.53844 1.00105
   -1.53842 1.00105   -1.53840 1.00105   -1.53839 1.00105   -1.53837 1.00105
   -1.53835 1.00105   -1.53834 1.00105   -1.53832 1.00105   -1.53830 1.00106
   -1.53829 1.00106   -1.53827 1.00106   -1.53825 1.00106   -1.53824 1.00106
   -1.53822 1.00106   -1.53820 1.00106   -1.53819 1.00106   -1.53817 1.00106
   -1.53815 1.00107   -1.53814 1.00107   -1.53812 1.00107   -1.53810 1.00107
   -1.53809 1.00107   -1.53807 1.00107   -1.53805 1.00107   -1.53804 1.00107
   -1.53802 1.00107   -1.53800 1.00107   -1.53799 1.00108   -1.53797 1.00108
   -1.53795 1.00108   -1.53794 1.00108   -1.53792 1.00108   -1.53790 1.00108
   -1.53789 1.00108   -1.53787 1.00108   -1.53785 1.00108   -1.53784 1.00109
   -1.53782 1.00109   -1.53780 1.00109   -1.53778 1.00109   -1.53777 1.00109
   -1.53775 1.00109   -1.53773 1.00109   -1.53772 1.00109   -1.53770 1.00110
   -1.53768 1.00110   -1.53767 1.00110   -1.53765 1.00110   -1.53763 1.00110
   -1.53761 1.00110   -1.53760 1.00110   -1.53758 1.00110   -1.53756 1.00110
   -1.53754 1.00111   -1.53753 1.00111   -1.53751 1.00111   -1.53749 1.00111
   -1.53748 1.00111   -1.53746 1.00111   -1.53744 1.00111   -1.53742 1.00111
   -1.53741 1.00111   -1.53739 1.00112   -1.53737 1.00112   -1.53735 1.00112
   -1.53734 1.00112   -1.53732 1.00112   -1.53730 1.00112   -1.53728 1.00112
   -1.53727 1.00112   -1.53725 1.00113   -1.53723 1.00113   -1.53721 1.00113
   -1.53720 1.00113   -1.53718 1.00113   -1.53716 1.00113   -1.53714 1.00113
   -1.53712 1.00113   -1.53711 1.00113   -1.53709 1.00114   -1.53707 1.00114
   -1.53705 1.00114   -1.53704 1.00114   -1.53702 1.00114   -1.53700 1.00114
   -1.53698 1.00114   -1.53696 1.00114   -1.53695 1.00115   -1.53693 1.00115
   -1.53691 1.00115   -1.53689 1.00115   -1.53688 1.00115   -1.53686 1.00115
   -1.53684 1.00115   -1.53682 1.00115   -1.53680 1.00116   -1.53678 1.00116
   -1.53677 1.00116   -1.53675 1.00116   -1.53673 1.00116   -1.53671 1.00116
   -1.53669 1.00116   -1.53668 1.00116   -1.53666 1.00116   -1.53664 1.00117
   -1.53662 1.00117   -1.53660 1.00117   -1.53659 1.00117   -1.53657 1.00117
   -1.53655 1.00117   -1.53653 1.00117   -1.53651 1.00117   -1.53649 1.00118
   -1.53648 1.00118   -1.53646 1.00118   -1.53644 1.00118   -1.53642 1.00118
   -1.53640 1.00118   -1.53638 1.00118   -1.53636 1.00119   -1.53635 1.00119
   -1.53633 1.00119   -1.53631 1.00119   -1.53629 1.00119   -1.53627 1.00119
   -1.53625 1.00119   -1.53623 1.00119   -1.53622 1.00120   -1.53620 1.00120
   -1.53618 1.00120   -1.53616 1.00120   -1.53614 1.00120   -1.53612 1.00120
   -1.53610 1.00120   -1.53608 1.00120   -1.53607 1.00121   -1.53605 1.00121
   -1.53603 1.00121   -1.53601 1.00121   -1.53599 1.00121   -1.53597 1.00121
   -1.53595 1.00121   -1.53593 1.00121   -1.53591 1.00122   -1.53590 1.00122
   -1.53588 1.00122   -1.53586 1.00122   -1.53584 1.00122   -1.53582 1.00122
   -1.53580 1.00122   -1.53578 1.00123   -1.53576 1.00123   -1.53574 1.00123
   -1.53572 1.00123   -1.53570 1.00123   -1.53568 1.00123   -1.53567 1.00123
   -1.53565 1.00124   -1.53563 1.00124   -1.53561 1.00124   -1.53559 1.00124
   -1.53557 1.00124   -1.53555 1.00124   -1.53553 1.00124   -1.53551 1.00124
   -1.53549 1.00125   -1.53547 1.00125   -1.53545 1.00125   -1.53543 1.00125
   -1.53541 1.00125   -1.53539 1.00125   -1.53537 1.00125   -1.53535 1.00126
   -1.53533 1.00126   -1.53531 1.00126   -1.53530 1.00126   -1.53528 1.00126
   -1.53526 1.00126   -1.53524 1.00126   -1.53522 1.00127   -1.53520 1.00127
   -1.53518 1.00127   -1.53516 1.00127   -1.53514 1.00127   -1.53512 1.00127
   -1.53510 1.00127   -1.53508 1.00128   -1.53506 1.00128   -1.53504 1.00128
   -1.53502 1.00128   -1.53500 1.00128   -1.53498 1.00128   -1.53496 1.00128
   -1.53494 1.00129   -1.53492 1.00129   -1.53490 1.00129   -1.53488 1.00129
   -1.53486 1.00129   -1.53484 1.00129   -1.53482 1.00129   -1.53480 1.00130
   -1.53478 1.00130   -1.53476 1.00130   -1.53474 1.00130   -1.53471 1.00130
   -1.53469 1.00130   -1.53467 1.00130   -1.53465 1.00131   -1.53463 1.00131
   -1.53461 1.00131   -1.53459 1.00131   -1.53457 1.00131   -1.53455 1.00131
   -1.53453 1.00131   -1.53451 1.00132   -1.53449 1.00132   -1.53447 1.00132
   -1.53445 1.00132   -1.53443 1.00132   -1.53441 1.00132   -1.53439 1.00133
   -1.53437 1.00133   -1.53435 1.00133   -1.53432 1.00133   -1.53430 1.00133
   -1.53428 1.00133   -1.53426 1.00133   -1.53424 1.00134   -1.53422 1.00134
   -1.53420 1.00134   -1.53418 1.00134   -1.53416 1.00134   -1.53414 1.00134
   -1.53412 1.00134   -1.53409 1.00135   -1.53407 1.00135   -1.53405 1.00135
   -1.53403 1.00135   -1.53401 1.00135   -1.53399 1.00135   -1.53397 1.00136
   -1.53395 1.00136   -1.53393 1.00136   -1.53390 1.00136   -1.53388 1.00136
   -1.53386 1.00136   -1.53384 1.00137   -1.53382 1.00137   -1.53380 1.00137
   -1.53378 1.00137   -1.53375 1.00137   -1.53373 1.00137   -1.53371 1.00137
   -1.53369 1.00138   -1.53367 1.00138   -1.53365 1.00138   -1.53363 1.00138
   -1.53360 1.00138   -1.53358 1.00138   -1.53356 1.00139   -1.53354 1.00139
   -1.53352 1.00139   -1.53350 1.00139   -1.53347 1.00139   -1.53345 1.00139
   -1.53343 1.00140   -1.53341 1.00140   -1.53339 1.00140   -1.53337 1.00140
   -1.53334 1.00140   -1.53332 1.00140   -1.53330 1.00141   -1.53328 1.00141
   -1.53326 1.00141   -1.53323 1.00141   -1.53321 1.00141   -1.53319 1.00141
   -1.53317 1.00142   -1.53314 1.00142   -1.53312 1.00142   -1.53310 1.00142
   -1.53308 1.00142   -1.53306 1.00142   -1.53303 1.00143   -1.53301 1.00143
   -1.53299 1.00143   -1.53297 1.00143   -1.53294 1.00143   -1.53292 1.00143
   -1.53290 1.00144   -1.53288 1.00144   -1.53285 1.00144   -1.53283 1.00144
   -1.53281 1.00144   -1.53279 1.00144   -1.53276 1.00145   -1.53274 1.00145
   -1.53272 1.00145   -1.53270 1.00145   -1.53267 1.00145   -1.53265 1.00145
   -1.53263 1.00146   -1.53261 1.00146   -1.53258 1.00146   -1.53256 1.00146
   -1.53254 1.00146   -1.53251 1.00146   -1.53249 1.00147   -1.53247 1.00147
   -1.53245 1.00147   -1.53242 1.00147   -1.53240 1.00147   -1.53238 1.00148
   -1.53235 1.00148   -1.53233 1.00148   -1.53231 1.00148   -1.53228 1.00148
   -1.53226 1.00148   -1.53224 1.00149   -1.53221 1.00149   -1.53219 1.00149
   -1.53217 1.00149   -1.53214 1.00149   -1.53212 1.00149   -1.53210 1.00150
   -1.53207 1.00150   -1.53205 1.00150   -1.53203 1.00150   -1.53200 1.00150
   -1.53198 1.00151   -1.53196 1.00151   -1.53193 1.00151   -1.53191 1.00151
   -1.53189 1.00151   -1.53186 1.00152   -1.53184 1.00152   -1.53182 1.00152
   -1.53179 1.00152   -1.53177 1.00152   -1.53174 1.00152   -1.53172 1.00153
   -1.53170 1.00153   -1.53167 1.00153   -1.53165 1.00153   -1.53162 1.00153
   -1.53160 1.00154   -1.53158 1.00154   -1.53155 1.00154   -1.53153 1.00154
   -1.53150 1.00154   -1.53148 1.00154   -1.53146 1.00155   -1.53143 1.00155
   -1.53141 1.00155   -1.53138 1.00155   -1.53136 1.00155   -1.53134 1.00156
   -1.53131 1.00156   -1.53129 1.00156   -1.53126 1.00156   -1.53124 1.00156
   -1.53121 1.00157   -1.53119 1.00157   -1.53116 1.00157   -1.53114 1.00157
   -1.53111 1.00157   -1.53109 1.00158   -1.53107 1.00158   -1.53104 1.00158
   -1.53102 1.00158   -1.53099 1.00158   -1.53097 1.00159   -1.53094 1.00159
   -1.53092 1.00159   -1.53089 1.00159   -1.53087 1.00159   -1.53084 1.00160
   -1.53082 1.00160   -1.53079 1.00160   -1.53077 1.00160   -1.53074 1.00160
   -1.53072 1.00161   -1.53069 1.00161   -1.53067 1.00161   -1.53064 1.00161
   -1.53062 1.00161   -1.53059 1.00162   -1.53057 1.00162   -1.53054 1.00162
   -1.53052 1.00162   -1.53049 1.00162   -1.53047 1.00163   -1.53044 1.00163
   -1.53041 1.00163   -1.53039 1.00163   -1.53036 1.00163   -1.53034 1.00164
   -1.53031 1.00164   -1.53029 1.00164   -1.53026 1.00164   -1.53024 1.00164
   -1.53021 1.00165   -1.53018 1.00165   -1.53016 1.00165   -1.53013 1.00165
   -1.53011 1.00165   -1.53008 1.00166   -1.53005 1.00166   -1.53003 1.00166
   -1.53000 1.00166   -1.52998 1.00167   -1.52995 1.00167   -1.52992 1.00167
   -1.52990 1.00167   -1.52987 1.00167   -1.52985 1.00168   -1.52982 1.00168
   -1.52979 1.00168   -1.52977 1.00168   -1.52974 1.00168   -1.52971 1.00169
   -1.52969 1.00169   -1.52966 1.00169   -1.52964 1.00169   -1.52961 1.00170
   -1.52958 1.00170   -1.52956 1.00170   -1.52953 1.00170   -1.52950 1.00170
   -1.52948 1.00171   -1.52945 1.00171   -1.52942 1.00171   -1.52940 1.00171
   -1.52937 1.00172   -1.52934 1.00172   -1.52932 1.00172   -1.52929 1.00172
   -1.52926 1.00172   -1.52923 1.00173   -1.52921 1.00173   -1.52918 1.00173
   -1.52915 1.00173   -1.52913 1.00174   -1.52910 1.00174   -1.52907 1.00174
   -1.52905 1.00174   -1.52902 1.00174   -1.52899 1.00175   -1.52896 1.00175
   -1.52894 1.00175   -1.52891 1.00175   -1.52888 1.00176   -1.52885 1.00176
   -1.52883 1.00176   -1.52880 1.00176   -1.52877 1.00177   -1.52874 1.00177
   -1.52872 1.00177   -1.52869 1.00177   -1.52866 1.00177   -1.52863 1.00178
   -1.52861 1.00178   -1.52858 1.00178   -1.52855 1.00178   -1.52852 1.00179
   -1.52849 1.00179   -1.52847 1.00179   -1.52844 1.00179   -1.52841 1.00180
   -1.52838 1.00180   -1.52835 1.00180   -1.52833 1.00180   -1.52830 1.00181
   -1.52827 1.00181   -1.52824 1.00181   -1.52821 1.00181   -1.52818 1.00181
   -1.52816 1.00182   -1.52813 1.00182   -1.52810 1.00182   -1.52807 1.00182
   -1.52804 1.00183   -1.52801 1.00183   -1.52798 1.00183   -1.52796 1.00183
   -1.52793 1.00184   -1.52790 1.00184   -1.52787 1.00184   -1.52784 1.00184
   -1.52781 1.00185   -1.52778 1.00185   -1.52775 1.00185   -1.52773 1.00185
   -1.52770 1.00186   -1.52767 1.00186   -1.52764 1.00186   -1.52761 1.00186
   -1.52758 1.00187   -1.52755 1.00187   -1.52752 1.00187   -1.52749 1.00187
   -1.52746 1.00188   -1.52743 1.00188   -1.52740 1.00188   -1.52737 1.00188
   -1.52735 1.00189   -1.52732 1.00189   -1.52729 1.00189   -1.52726 1.00189
   -1.52723 1.00190   -1.52720 1.00190   -1.52717 1.00190   -1.52714 1.00190
   -1.52711 1.00191   -1.52708 1.00191   -1.52705 1.00191   -1.52702 1.00192
   -1.52699 1.00192   -1.52696 1.00192   -1.52693 1.00192   -1.52690 1.00193
   -1.52687 1.00193   -1.52684 1.00193   -1.52681 1.00193   -1.52678 1.00194
   -1.52675 1.00194   -1.52672 1.00194   -1.52669 1.00194   -1.52666 1.00195
   -1.52663 1.00195   -1.52660 1.00195   -1.52657 1.00196   -1.52653 1.00196
   -1.52650 1.00196   -1.52647 1.00196   -1.52644 1.00197   -1.52641 1.00197
   -1.52638 1.00197   -1.52635 1.00197   -1.52632 1.00198   -1.52629 1.00198
   -1.52626 1.00198   -1.52623 1.00199   -1.52620 1.00199   -1.52616 1.00199
   -1.52613 1.00199   -1.52610 1.00200   -1.52607 1.00200   -1.52604 1.00200
   -1.52601 1.00200   -1.52598 1.00201   -1.52595 1.00201   -1.52591 1.00201
   -1.52588 1.00202   -1.52585 1.00202   -1.52582 1.00202   -1.52579 1.00202
   -1.52576 1.00203   -1.52572 1.00203   -1.52569 1.00203   -1.52566 1.00204
   -1.52563 1.00204   -1.52560 1.00204   -1.52557 1.00204   -1.52553 1.00205
   -1.52550 1.00205   -1.52547 1.00205   -1.52544 1.00206   -1.52541 1.00206
   -1.52537 1.00206   -1.52534 1.00206   -1.52531 1.00207   -1.52528 1.00207
   -1.52524 1.00207   -1.52521 1.00208   -1.52518 1.00208   -1.52515 1.00208
   -1.52511 1.00209   -1.52508 1.00209   -1.52505 1.00209   -1.52502 1.00209
   -1.52498 1.00210   -1.52495 1.00210   -1.52492 1.00210   -1.52488 1.00211
   -1.52485 1.00211   -1.52482 1.00211   -1.52479 1.00212   -1.52475 1.00212
   -1.52472 1.00212   -1.52469 1.00212   -1.52465 1.00213   -1.52462 1.00213
   -1.52459 1.00213   -1.52455 1.00214   -1.52452 1.00214   -1.52449 1.00214
   -1.52445 1.00215   -1.52442 1.00215   -1.52439 1.00215   -1.52435 1.00216
   -1.52432 1.00216   -1.52428 1.00216   -1.52425 1.00216   -1.52422 1.00217
   -1.52418 1.00217   -1.52415 1.00217   -1.52411 1.00218   -1.52408 1.00218
   -1.52405 1.00218   -1.52401 1.00219   -1.52398 1.00219   -1.52394 1.00219
   -1.52391 1.00220   -1.52388 1.00220   -1.52384 1.00220   -1.52381 1.00221
   -1.52377 1.00221   -1.52374 1.00221   -1.52370 1.00222   -1.52367 1.00222
   -1.52363 1.00222   -1.52360 1.00223   -1.52356 1.00223   -1.52353 1.00223
   -1.52349 1.00224   -1.52346 1.00224   -1.52342 1.00224   -1.52339 1.00225
   -1.52335 1.00225   -1.52332 1.00225   -1.52328 1.00226   -1.52325 1.00226
   -1.52321 1.00226   -1.52318 1.00227   -1.52314 1.00227   -1.52311 1.00227
   -1.52307 1.00228   -1.52304 1.00228   -1.52300 1.00228   -1.52296 1.00229
   -1.52293 1.00229   -1.52289 1.00229   -1.52286 1.00230   -1.52282 1.00230
   -1.52279 1.00230   -1.52275 1.00231   -1.52271 1.00231   -1.52268 1.00231
   -1.52264 1.00232   -1.52260 1.00232   -1.52257 1.00232   -1.52253 1.00233
   -1.52250 1.00233   -1.52246 1.00233   -1.52242 1.00234   -1.52239 1.00234
   -1.52235 1.00235   -1.52231 1.00235   -1.52228 1.00235   -1.52224 1.00236
   -1.52220 1.00236   -1.52217 1.00236   -1.52213 1.00237   -1.52209 1.00237
   -1.52205 1.00237   -1.52202 1.00238   -1.52198 1.00238   -1.52194 1.00238
   -1.52191 1.00239   -1.52187 1.00239   -1.52183 1.00240   -1.52179 1.00240
   -1.52176 1.00240   -1.52172 1.00241   -1.52168 1.00241   -1.52164 1.00241
   -1.52161 1.00242   -1.52157 1.00242   -1.52153 1.00243   -1.52149 1.00243
   -1.52145 1.00243   -1.52142 1.00244   -1.52138 1.00244   -1.52134 1.00244
   -1.52130 1.00245   -1.52126 1.00245   -1.52122 1.00246   -1.52119 1.00246
   -1.52115 1.00246   -1.52111 1.00247   -1.52107 1.00247   -1.52103 1.00247
   -1.52099 1.00248   -1.52095 1.00248   -1.52092 1.00249   -1.52088 1.00249
   -1.52084 1.00249   -1.52080 1.00250   -1.52076 1.00250   -1.52072 1.00251
   -1.52068 1.00251   -1.52064 1.00251   -1.52060 1.00252   -1.52056 1.00252
   -1.52052 1.00253   -1.52048 1.00253   -1.52045 1.00253   -1.52041 1.00254
   -1.52037 1.00254   -1.52033 1.00255   -1.52029 1.00255   -1.52025 1.00255
   -1.52021 1.00256   -1.52017 1.00256   -1.52013 1.00257   -1.52009 1.00257
   -1.52005 1.00257   -1.52001 1.00258   -1.51997 1.00258   -1.51993 1.00259
   -1.51988 1.00259   -1.51984 1.00259   -1.51980 1.00260   -1.51976 1.00260
   -1.51972 1.00261   -1.51968 1.00261   -1.51964 1.00261   -1.51960 1.00262
   -1.51956 1.00262   -1.51952 1.00263   -1.51948 1.00263   -1.51944 1.00264
   -1.51939 1.00264   -1.51935 1.00264   -1.51931 1.00265   -1.51927 1.00265
   -1.51923 1.00266   -1.51919 1.00266   -1.51915 1.00267   -1.51910 1.00267
   -1.51906 1.00267   -1.51902 1.00268   -1.51898 1.00268   -1.51894 1.00269
   -1.51889 1.00269   -1.51885 1.00270   -1.51881 1.00270   -1.51877 1.00270
   -1.51873 1.00271   -1.51868 1.00271   -1.51864 1.00272   -1.51860 1.00272
   -1.51856 1.00273   -1.51851 1.00273   -1.51847 1.00274   -1.51843 1.00274
   -1.51839 1.00274   -1.51834 1.00275   -1.51830 1.00275   -1.51826 1.00276
   -1.51821 1.00276   -1.51817 1.00277   -1.51813 1.00277   -1.51808 1.00278
   -1.51804 1.00278   -1.51800 1.00279   -1.51795 1.00279   -1.51791 1.00279
   -1.51787 1.00280   -1.51782 1.00280   -1.51778 1.00281   -1.51773 1.00281
   -1.51769 1.00282   -1.51765 1.00282   -1.51760 1.00283   -1.51756 1.00283
   -1.51751 1.00284   -1.51747 1.00284   -1.51742 1.00285   -1.51738 1.00285
   -1.51734 1.00286   -1.51729 1.00286   -1.51725 1.00286   -1.51720 1.00287
   -1.51716 1.00287   -1.51711 1.00288   -1.51707 1.00288   -1.51702 1.00289
   -1.51698 1.00289   -1.51693 1.00290   -1.51689 1.00290   -1.51684 1.00291
   -1.51679 1.00291   -1.51675 1.00292   -1.51670 1.00292   -1.51666 1.00293
   -1.51661 1.00293   -1.51657 1.00294   -1.51652 1.00294   -1.51647 1.00295
   -1.51643 1.00295   -1.51638 1.00296   -1.51634 1.00296   -1.51629 1.00297
   -1.51624 1.00297   -1.51620 1.00298   -1.51615 1.00298   -1.51610 1.00299
   -1.51606 1.00299   -1.51601 1.00300   -1.51596 1.00300   -1.51592 1.00301
   -1.51587 1.00301   -1.51582 1.00302   -1.51577 1.00302   -1.51573 1.00303
   -1.51568 1.00303   -1.51563 1.00304   -1.51558 1.00305   -1.51554 1.00305
   -1.51549 1.00306   -1.51544 1.00306   -1.51539 1.00307   -1.51535 1.00307
   -1.51530 1.00308   -1.51525 1.00308   -1.51520 1.00309   -1.51515 1.00309
   -1.51510 1.00310   -1.51506 1.00310   -1.51501 1.00311   -1.51496 1.00311
   -1.51491 1.00312   -1.51486 1.00313   -1.51481 1.00313   -1.51476 1.00314
   -1.51471 1.00314   -1.51467 1.00315   -1.51462 1.00315   -1.51457 1.00316
   -1.51452 1.00316   -1.51447 1.00317   -1.51442 1.00318   -1.51437 1.00318
   -1.51432 1.00319   -1.51427 1.00319   -1.51422 1.00320   -1.51417 1.00320
   -1.51412 1.00321   -1.51407 1.00321   -1.51402 1.00322   -1.51397 1.00323
   -1.51392 1.00323   -1.51387 1.00324   -1.51382 1.00324   -1.51377 1.00325
   -1.51372 1.00325   -1.51366 1.00326   -1.51361 1.00327   -1.51356 1.00327
   -1.51351 1.00328   -1.51346 1.00328   -1.51341 1.00329   -1.51336 1.00330
   -1.51331 1.00330   -1.51325 1.00331   -1.51320 1.00331   -1.51315 1.00332
   -1.51310 1.00333   -1.51305 1.00333   -1.51299 1.00334   -1.51294 1.00334
   -1.51289 1.00335   -1.51284 1.00336   -1.51279 1.00336   -1.51273 1.00337
   -1.51268 1.00337   -1.51263 1.00338   -1.51257 1.00339   -1.51252 1.00339
   -1.51247 1.00340   -1.51242 1.00340   -1.51236 1.00341   -1.51231 1.00342
   -1.51226 1.00342   -1.51220 1.00343   -1.51215 1.00344   -1.51209 1.00344
   -1.51204 1.00345   -1.51199 1.00345   -1.51193 1.00346   -1.51188 1.00347
   -1.51182 1.00347   -1.51177 1.00348   -1.51172 1.00349   -1.51166 1.00349
   -1.51161 1.00350   -1.51155 1.00351   -1.51150 1.00351   -1.51144 1.00352
   -1.51139 1.00353   -1.51133 1.00353   -1.51128 1.00354   -1.51122 1.00355
   -1.51117 1.00355   -1.51111 1.00356   -1.51105 1.00356   -1.51100 1.00357
   -1.51094 1.00358   -1.51089 1.00358   -1.51083 1.00359   -1.51077 1.00360
   -1.51072 1.00361   -1.51066 1.00361   -1.51061 1.00362   -1.51055 1.00363
   -1.51049 1.00363   -1.51044 1.00364   -1.51038 1.00365   -1.51032 1.00365
   -1.51026 1.00366   -1.51021 1.00367   -1.51015 1.00367   -1.51009 1.00368
   -1.51003 1.00369   -1.50998 1.00369   -1.50992 1.00370   -1.50986 1.00371
   -1.50980 1.00372   -1.50975 1.00372   -1.50969 1.00373   -1.50963 1.00374
   -1.50957 1.00374   -1.50951 1.00375   -1.50945 1.00376   -1.50939 1.00377
   -1.50934 1.00377   -1.50928 1.00378   -1.50922 1.00379   -1.50916 1.00379
   -1.50910 1.00380   -1.50904 1.00381   -1.50898 1.00382   -1.50892 1.00382
   -1.50886 1.00383   -1.50880 1.00384   -1.50874 1.00385   -1.50868 1.00385
   -1.50862 1.00386   -1.50856 1.00387   -1.50850 1.00388   -1.50844 1.00388
   -1.50838 1.00389   -1.50832 1.00390   -1.50826 1.00391   -1.50819 1.00391
   -1.50813 1.00392   -1.50807 1.00393   -1.50801 1.00394   -1.50795 1.00394
   -1.50789 1.00395   -1.50783 1.00396   -1.50776 1.00397   -1.50770 1.00398
   -1.50764 1.00398   -1.50758 1.00399   -1.50751 1.00400   -1.50745 1.00401
   -1.50739 1.00402   -1.50733 1.00402   -1.50726 1.00403   -1.50720 1.00404
   -1.50714 1.00405   -1.50707 1.00406   -1.50701 1.00406   -1.50695 1.00407
   -1.50688 1.00408   -1.50682 1.00409   -1.50676 1.00410   -1.50669 1.00410
   -1.50663 1.00411   -1.50656 1.00412   -1.50650 1.00413   -1.50643 1.00414
   -1.50637 1.00415   -1.50630 1.00415   -1.50624 1.00416   -1.50617 1.00417
   -1.50611 1.00418   -1.50604 1.00419   -1.50598 1.00420   -1.50591 1.00420
   -1.50585 1.00421   -1.50578 1.00422   -1.50572 1.00423   -1.50565 1.00424
   -1.50558 1.00425   -1.50552 1.00426   -1.50545 1.00426   -1.50538 1.00427
   -1.50532 1.00428   -1.50525 1.00429   -1.50518 1.00430   -1.50511 1.00431
   -1.50505 1.00432   -1.50498 1.00433   -1.50491 1.00433   -1.50484 1.00434
   -1.50478 1.00435   -1.50471 1.00436   -1.50464 1.00437   -1.50457 1.00438
   -1.50450 1.00439   -1.50443 1.00440   -1.50437 1.00441   -1.50430 1.00442
   -1.50423 1.00442   -1.50416 1.00443   -1.50409 1.00444   -1.50402 1.00445
   -1.50395 1.00446   -1.50388 1.00447   -1.50381 1.00448   -1.50374 1.00449
   -1.50367 1.00450   -1.50360 1.00451   -1.50353 1.00452   -1.50346 1.00453
   -1.50339 1.00454   -1.50332 1.00455   -1.50325 1.00456   -1.50317 1.00457
   -1.50310 1.00458   -1.50303 1.00459   -1.50296 1.00459   -1.50289 1.00460
   -1.50282 1.00461   -1.50274 1.00462   -1.50267 1.00463   -1.50260 1.00464
   -1.50253 1.00465   -1.50245 1.00466   -1.50238 1.00467   -1.50231 1.00468
   -1.50223 1.00469   -1.50216 1.00470   -1.50209 1.00471   -1.50201 1.00472
   -1.50194 1.00473   -1.50187 1.00474   -1.50179 1.00475   -1.50172 1.00476
   -1.50164 1.00477   -1.50157 1.00478   -1.50149 1.00480   -1.50142 1.00481
   -1.50134 1.00482   -1.50127 1.00483   -1.50119 1.00484   -1.50112 1.00485
   -1.50104 1.00486   -1.50096 1.00487   -1.50089 1.00488   -1.50081 1.00489
   -1.50074 1.00490   -1.50066 1.00491   -1.50058 1.00492   -1.50051 1.00493
   -1.50043 1.00494   -1.50035 1.00495   -1.50027 1.00497   -1.50020 1.00498
   -1.50012 1.00499   -1.50004 1.00500   -1.49996 1.00501   -1.49988 1.00502
   -1.49980 1.00503   -1.49973 1.00504   -1.49965 1.00505   -1.49957 1.00506
   -1.49949 1.00508   -1.49941 1.00509   -1.49933 1.00510   -1.49925 1.00511
   -1.49917 1.00512   -1.49909 1.00513   -1.49901 1.00514   -1.49893 1.00516
   -1.49885 1.00517   -1.49877 1.00518   -1.49869 1.00519   -1.49861 1.00520
   -1.49852 1.00521   -1.49844 1.00523   -1.49836 1.00524   -1.49828 1.00525
   -1.49820 1.00526   -1.49811 1.00527   -1.49803 1.00529   -1.49795 1.00530
   -1.49787 1.00531   -1.49778 1.00532   -1.49770 1.00533   -1.49762 1.00535
   -1.49753 1.00536   -1.49745 1.00537   -1.49737 1.00538   -1.49728 1.00539
   -1.49720 1.00541   -1.49711 1.00542   -1.49703 1.00543   -1.49694 1.00544
   -1.49686 1.00546   -1.49677 1.00547   -1.49669 1.00548   -1.49660 1.00549
   -1.49651 1.00551   -1.49643 1.00552   -1.49634 1.00553   -1.49626 1.00555
   -1.49617 1.00556   -1.49608 1.00557   -1.49599 1.00558   -1.49591 1.00560
   -1.49582 1.00561   -1.49573 1.00562   -1.49564 1.00564   -1.49556 1.00565
   -1.49547 1.00566   -1.49538 1.00568   -1.49529 1.00569   -1.49520 1.00570
   -1.49511 1.00572   -1.49502 1.00573   -1.49493 1.00574   -1.49484 1.00576
   -1.49475 1.00577   -1.49466 1.00579   -1.49457 1.00580   -1.49448 1.00581
   -1.49439 1.00583   -1.49430 1.00584   -1.49421 1.00585   -1.49412 1.00587
   -1.49402 1.00588   -1.49393 1.00590   -1.49384 1.00591   -1.49375 1.00592
   -1.49366 1.00594   -1.49356 1.00595   -1.49347 1.00597   -1.49338 1.00598
   -1.49328 1.00600   -1.49319 1.00601   -1.49309 1.00603   -1.49300 1.00604
   -1.49291 1.00605   -1.49281 1.00607   -1.49272 1.00608   -1.49262 1.00610
   -1.49253 1.00611   -1.49243 1.00613   -1.49233 1.00614   -1.49224 1.00616
   -1.49214 1.00617   -1.49204 1.00619   -1.49195 1.00620   -1.49185 1.00622
   -1.49175 1.00623   -1.49166 1.00625   -1.49156 1.00627   -1.49146 1.00628
   -1.49136 1.00630   -1.49126 1.00631   -1.49116 1.00633   -1.49107 1.00634
   -1.49097 1.00636   -1.49087 1.00638   -1.49077 1.00639   -1.49067 1.00641
   -1.49057 1.00642   -1.49047 1.00644   -1.49037 1.00646   -1.49026 1.00647
   -1.49016 1.00649   -1.49006 1.00650   -1.48996 1.00652   -1.48986 1.00654
   -1.48976 1.00655   -1.48965 1.00657   -1.48955 1.00659   -1.48945 1.00660
   -1.48934 1.00662   -1.48924 1.00664   -1.48914 1.00665   -1.48903 1.00667
   -1.48893 1.00669   -1.48882 1.00670   -1.48872 1.00672   -1.48861 1.00674
   -1.48851 1.00676   -1.48840 1.00677   -1.48830 1.00679   -1.48819 1.00681
   -1.48808 1.00683   -1.48798 1.00684   -1.48787 1.00686   -1.48776 1.00688
   -1.48766 1.00690   -1.48755 1.00691   -1.48744 1.00693   -1.48733 1.00695
   -1.48722 1.00697   -1.48711 1.00699   -1.48700 1.00700   -1.48689 1.00702
   -1.48678 1.00704   -1.48667 1.00706   -1.48656 1.00708   -1.48645 1.00710
   -1.48634 1.00712   -1.48623 1.00713   -1.48612 1.00715   -1.48601 1.00717
   -1.48589 1.00719   -1.48578 1.00721   -1.48567 1.00723   -1.48556 1.00725
   -1.48544 1.00727   -1.48533 1.00729   -1.48521 1.00731   -1.48510 1.00733
   -1.48499 1.00735   -1.48487 1.00736   -1.48476 1.00738   -1.48464 1.00740
   -1.48452 1.00742   -1.48441 1.00744   -1.48429 1.00746   -1.48418 1.00748
   -1.48406 1.00750   -1.48394 1.00752   -1.48382 1.00755   -1.48370 1.00757
   -1.48359 1.00759   -1.48347 1.00761   -1.48335 1.00763   -1.48323 1.00765
   -1.48311 1.00767   -1.48299 1.00769   -1.48287 1.00771   -1.48275 1.00773
   -1.48263 1.00775   -1.48251 1.00777   -1.48238 1.00780   -1.48226 1.00782
   -1.48214 1.00784   -1.48202 1.00786   -1.48189 1.00788   -1.48177 1.00790
   -1.48165 1.00793   -1.48152 1.00795   -1.48140 1.00797   -1.48127 1.00799
   -1.48115 1.00802   -1.48102 1.00804   -1.48090 1.00806   -1.48077 1.00808
   -1.48065 1.00811   -1.48052 1.00813   -1.48039 1.00815   -1.48026 1.00817
   -1.48014 1.00820   -1.48001 1.00822   -1.47988 1.00824   -1.47975 1.00827
   -1.47962 1.00829   -1.47949 1.00831   -1.47936 1.00834   -1.47923 1.00836
   -1.47910 1.00838   -1.47897 1.00841   -1.47884 1.00843   -1.47871 1.00846
   -1.47857 1.00848   -1.47844 1.00851   -1.47831 1.00853   -1.47817 1.00855
   -1.47804 1.00858   -1.47791 1.00860   -1.47777 1.00863   -1.47764 1.00865
   -1.47750 1.00868   -1.47736 1.00870   -1.47723 1.00873   -1.47709 1.00875
   -1.47696 1.00878   -1.47682 1.00881   -1.47668 1.00883   -1.47654 1.00886
   -1.47640 1.00888   -1.47626 1.00891   -1.47612 1.00894   -1.47598 1.00896
   -1.47584 1.00899   -1.47570 1.00902   -1.47556 1.00904   -1.47542 1.00907
   -1.47528 1.00910   -1.47514 1.00912   -1.47499 1.00915   -1.47485 1.00918
   -1.47471 1.00920   -1.47456 1.00923   -1.47442 1.00926   -1.47427 1.00929
   -1.47413 1.00932   -1.47398 1.00934   -1.47384 1.00937   -1.47369 1.00940
   -1.47354 1.00943   -1.47340 1.00946   -1.47325 1.00949   -1.47310 1.00951
   -1.47295 1.00954   -1.47280 1.00957   -1.47265 1.00960   -1.47250 1.00963
   -1.47235 1.00966   -1.47220 1.00969   -1.47205 1.00972   -1.47190 1.00975
   -1.47174 1.00978   -1.47159 1.00981   -1.47144 1.00984   -1.47128 1.00987
   -1.47113 1.00990   -1.47097 1.00993   -1.47082 1.00996   -1.47066 1.00999
   -1.47051 1.01002   -1.47035 1.01006   -1.47019 1.01009   -1.47003 1.01012
   -1.46987 1.01015   -1.46972 1.01018   -1.46956 1.01021   -1.46940 1.01025
   -1.46924 1.01028   -1.46908 1.01031   -1.46891 1.01034   -1.46875 1.01038
   -1.46859 1.01041   -1.46843 1.01044   -1.46826 1.01048   -1.46810 1.01051
   -1.46793 1.01054   -1.46777 1.01058   -1.46760 1.01061   -1.46744 1.01064
   -1.46727 1.01068   -1.46710 1.01071   -1.46694 1.01075   -1.46677 1.01078
   -1.46660 1.01082   -1.46643 1.01085   -1.46626 1.01089   -1.46609 1.01092
   -1.46592 1.01096   -1.46575 1.01099   -1.46558 1.01103   -1.46540 1.01107
   -1.46523 1.01110   -1.46506 1.01114   -1.46488 1.01118   -1.46471 1.01121
   -1.46453 1.01125   -1.46436 1.01129   -1.46418 1.01132   -1.46400 1.01136
   -1.46382 1.01140   -1.46365 1.01144   -1.46347 1.01148   -1.46329 1.01151
   -1.46311 1.01155   -1.46293 1.01159   -1.46274 1.01163   -1.46256 1.01167
   -1.46238 1.01171   -1.46220 1.01175   -1.46201 1.01179   -1.46183 1.01183
   -1.46164 1.01187   -1.46146 1.01191   -1.46127 1.01195   -1.46108 1.01199
   -1.46090 1.01203   -1.46071 1.01207   -1.46052 1.01211   -1.46033 1.01215
   -1.46014 1.01220   -1.45995 1.01224   -1.45976 1.01228   -1.45956 1.01232
   -1.45937 1.01236   -1.45918 1.01241   -1.45898 1.01245   -1.45879 1.01249
   -1.45859 1.01254   -1.45840 1.01258   -1.45820 1.01262   -1.45800 1.01267
   -1.45780 1.01271   -1.45761 1.01276   -1.45741 1.01280   -1.45721 1.01285
   -1.45700 1.01289   -1.45680 1.01294   -1.45660 1.01298   -1.45640 1.01303
   -1.45619 1.01308   -1.45599 1.01312   -1.45578 1.01317   -1.45558 1.01322
   -1.45537 1.01326   -1.45516 1.01331   -1.45495 1.01336   -1.45474 1.01341
   -1.45453 1.01346   -1.45432 1.01350   -1.45411 1.01355   -1.45390 1.01360
   -1.45369 1.01365   -1.45347 1.01370   -1.45326 1.01375   -1.45304 1.01380
   -1.45283 1.01385   -1.45261 1.01390   -1.45239 1.01395   -1.45218 1.01401
   -1.45196 1.01406   -1.45174 1.01411   -1.45152 1.01416   -1.45129 1.01421
   -1.45107 1.01427   -1.45085 1.01432   -1.45062 1.01437   -1.45040 1.01443
   -1.45017 1.01448   -1.44995 1.01453   -1.44972 1.01459   -1.44949 1.01464
   -1.44926 1.01470   -1.44903 1.01475   -1.44880 1.01481   -1.44857 1.01487
   -1.44834 1.01492   -1.44810 1.01498   -1.44787 1.01504   -1.44763 1.01509
   -1.44740 1.01515   -1.44716 1.01521   -1.44692 1.01527   -1.44668 1.01533
   -1.44644 1.01538   -1.44620 1.01544   -1.44596 1.01550   -1.44572 1.01556
   -1.44547 1.01562   -1.44523 1.01568   -1.44498 1.01575   -1.44474 1.01581
   -1.44449 1.01587   -1.44424 1.01593   -1.44399 1.01599   -1.44374 1.01606
   -1.44349 1.01612   -1.44324 1.01618   -1.44298 1.01625   -1.44273 1.01631
   -1.44247 1.01638   -1.44222 1.01644   -1.44196 1.01651   -1.44170 1.01657
   -1.44144 1.01664   -1.44118 1.01671   -1.44092 1.01677   -1.44066 1.01684
   -1.44039 1.01691   -1.44013 1.01698   -1.43986 1.01705   -1.43960 1.01712
   -1.43933 1.01718   -1.43906 1.01725   -1.43879 1.01733   -1.43852 1.01740
   -1.43824 1.01747   -1.43797 1.01754   -1.43770 1.01761   -1.43742 1.01768
   -1.43714 1.01776   -1.43687 1.01783   -1.43659 1.01790   -1.43631 1.01798
   -1.43603 1.01805   -1.43574 1.01813   -1.43546 1.01820   -1.43517 1.01828
   -1.43489 1.01836   -1.43460 1.01844   -1.43431 1.01851   -1.43402 1.01859
   -1.43373 1.01867   -1.43344 1.01875   -1.43314 1.01883   -1.43285 1.01891
   -1.43255 1.01899   -1.43226 1.01907   -1.43196 1.01915   -1.43166 1.01924
   -1.43136 1.01932   -1.43105 1.01940   -1.43075 1.01949   -1.43044 1.01957
   -1.43014 1.01965   -1.42983 1.01974   -1.42952 1.01983   -1.42921 1.01991
   -1.42890 1.02000   -1.42859 1.02009   -1.42827 1.02018   -1.42796 1.02027
   -1.42764 1.02035   -1.42732 1.02044   -1.42700 1.02054   -1.42668 1.02063
   -1.42635 1.02072   -1.42603 1.02081   -1.42570 1.02090   -1.42538 1.02100
   -1.42505 1.02109   -1.42472 1.02119   -1.42439 1.02128   -1.42405 1.02138
   -1.42372 1.02148   -1.42338 1.02157   -1.42304 1.02167   -1.42270 1.02177
   -1.42236 1.02187   -1.42202 1.02197   -1.42168 1.02207   -1.42133 1.02217
   -1.42098 1.02228   -1.42063 1.02238   -1.42028 1.02248   -1.41993 1.02259
   -1.41958 1.02269   -1.41922 1.02280   -1.41887 1.02291   -1.41851 1.02301
   -1.41815 1.02312   -1.41778 1.02323   -1.41742 1.02334   -1.41706 1.02345
   -1.41669 1.02356   -1.41632 1.02367   -1.41595 1.02379   -1.41558 1.02390
   -1.41520 1.02402   -1.41483 1.02413   -1.41445 1.02425   -1.41407 1.02436
   -1.41369 1.02448   -1.41330 1.02460   -1.41292 1.02472   -1.41253 1.02484
   -1.41214 1.02496   -1.41175 1.02508   -1.41136 1.02521   -1.41096 1.02533
   -1.41057 1.02545   -1.41017 1.02558   -1.40977 1.02571   -1.40936 1.02583
   -1.40896 1.02596   -1.40855 1.02609   -1.40814 1.02622   -1.40773 1.02635
   -1.40732 1.02649   -1.40690 1.02662   -1.40649 1.02676   -1.40607 1.02689
   -1.40565 1.02703   -1.40522 1.02716   -1.40480 1.02730   -1.40437 1.02744
   -1.40394 1.02758   -1.40351 1.02772   -1.40307 1.02787   -1.40264 1.02801
   -1.40220 1.02816   -1.40176 1.02830   -1.40131 1.02845   -1.40087 1.02860
   -1.40042 1.02875   -1.39997 1.02890   -1.39952 1.02905   -1.39906 1.02920
   -1.39861 1.02936   -1.39815 1.02951   -1.39768 1.02967   -1.39722 1.02983
   -1.39675 1.02999   -1.39628 1.03015   -1.39581 1.03031   -1.39533 1.03047
   -1.39486 1.03064   -1.39438 1.03080   -1.39389 1.03097   -1.39341 1.03114
   -1.39292 1.03131   -1.39243 1.03148   -1.39194 1.03165   -1.39144 1.03182
   -1.39094 1.03200   -1.39044 1.03218   -1.38994 1.03235   -1.38943 1.03253
   -1.38892 1.03272   -1.38841 1.03290   -1.38789 1.03308   -1.38737 1.03327
   -1.38685 1.03346   -1.38633 1.03364   -1.38580 1.03383   -1.38527 1.03403
   -1.38474 1.03422   -1.38420 1.03442   -1.38366 1.03461   -1.38312 1.03481
   -1.38257 1.03501   -1.38203 1.03521   -1.38147 1.03542   -1.38092 1.03562
   -1.38036 1.03583   -1.37980 1.03604   -1.37924 1.03625   -1.37867 1.03646
   -1.37810 1.03668   -1.37752 1.03689   -1.37694 1.03711   -1.37636 1.03733
   -1.37578 1.03755   -1.37519 1.03778   -1.37460 1.03800   -1.37400 1.03823
   -1.37340 1.03846   -1.37280 1.03869   -1.37219 1.03893   -1.37158 1.03916
   -1.37097 1.03940   -1.37035 1.03964   -1.36973 1.03989   -1.36910 1.04013
   -1.36847 1.04038   -1.36784 1.04063   -1.36721 1.04088   -1.36656 1.04113
   -1.36592 1.04139   -1.36527 1.04165   -1.36462 1.04191   -1.36396 1.04217
   -1.36330 1.04244   -1.36263 1.04271   -1.36197 1.04298   -1.36129 1.04325
   -1.36061 1.04353   -1.35993 1.04381   -1.35924 1.04409   -1.35855 1.04437
   -1.35786 1.04466   -1.35716 1.04495   -1.35645 1.04524   -1.35574 1.04554
   -1.35503 1.04584   -1.35431 1.04614   -1.35359 1.04644   -1.35286 1.04675
   -1.35213 1.04706   -1.35139 1.04737   -1.35065 1.04769   -1.34990 1.04801
   -1.34915 1.04833   -1.34839 1.04865   -1.34763 1.04898   -1.34686 1.04932
   -1.34609 1.04965   -1.34531 1.04999   -1.34452 1.05033   -1.34373 1.05068
   -1.34294 1.05103   -1.34214 1.05138   -1.34133 1.05174   -1.34052 1.05210
   -1.33971 1.05246   -1.33888 1.05283   -1.33805 1.05320   -1.33722 1.05357
   -1.33638 1.05395   -1.33553 1.05433   -1.33468 1.05472   -1.33382 1.05511
   -1.33296 1.05551   -1.33209 1.05591   -1.33121 1.05631   -1.33033 1.05672
   -1.32944 1.05713   -1.32854 1.05755   -1.32764 1.05797   -1.32673 1.05839
   -1.32582 1.05882   -1.32490 1.05926   -1.32397 1.05970   -1.32303 1.06014
   -1.32209 1.06059   -1.32114 1.06105   -1.32018 1.06151   -1.31921 1.06197
   -1.31824 1.06244   -1.31726 1.06291   -1.31628 1.06339   -1.31528 1.06388
   -1.31428 1.06437   -1.31327 1.06487   -1.31225 1.06537   -1.31123 1.06588
   -1.31019 1.06639   -1.30915 1.06691   -1.30810 1.06743   -1.30705 1.06797
   -1.30598 1.06850   -1.30490 1.06905   -1.30382 1.06960   -1.30273 1.07016
   -1.30163 1.07072   -1.30052 1.07129   -1.29940 1.07186   -1.29827 1.07245
   -1.29714 1.07304   -1.29599 1.07364   -1.29484 1.07424   -1.29367 1.07485
   -1.29250 1.07547   -1.29131 1.07610   -1.29012 1.07673   -1.28891 1.07737
   -1.28770 1.07802   -1.28648 1.07868   -1.28524 1.07935   -1.28400 1.08002
   -1.28274 1.08071   -1.28147 1.08140   -1.28020 1.08210   -1.27891 1.08281
   -1.27761 1.08352   -1.27630 1.08425   -1.27498 1.08499   -1.27364 1.08573
   -1.27230 1.08649   -1.27094 1.08725   -1.26957 1.08803   -1.26819 1.08881
   -1.26680 1.08960   -1.26539 1.09041   -1.26397 1.09122   -1.26254 1.09205
   -1.26109 1.09289   -1.25964 1.09374   -1.25816 1.09460   -1.25668 1.09547
   -1.25518 1.09635   -1.25367 1.09724   -1.25214 1.09815   -1.25060 1.09907
   -1.24905 1.10000   -1.24748 1.10094   -1.24589 1.10190   -1.24429 1.10287
   -1.24268 1.10385   -1.24105 1.10485   -1.23940 1.10586   -1.23774 1.10689
   -1.23606 1.10793   -1.23436 1.10898   -1.23265 1.11005   -1.23093 1.11113
   -1.22918 1.11223   -1.22742 1.11335   -1.22564 1.11448   -1.22384 1.11562
   -1.22203 1.11679   -1.22019 1.11797   -1.21834 1.11917   -1.21647 1.12038
   -1.21458 1.12162   -1.21267 1.12287   -1.21074 1.12414   -1.20879 1.12542
   -1.20682 1.12673   -1.20483 1.12806   -1.20282 1.12941   -1.20078 1.13077
   -1.19873 1.13216   -1.19665 1.13357   -1.19455 1.13500   -1.19243 1.13646
   -1.19029 1.13793   -1.18812 1.13943   -1.18593 1.14095   -1.18372 1.14249
   -1.18148 1.14406   -1.17922 1.14566   -1.17693 1.14727   -1.17461 1.14892
   -1.17227 1.15059   -1.16991 1.15228   -1.16751 1.15401   -1.16509 1.15576
   -1.16265 1.15754   -1.16017 1.15935   -1.15767 1.16118   -1.15513 1.16305
   -1.15257 1.16495   -1.14998 1.16688   -1.14736 1.16884   -1.14470 1.17083
   -1.14202 1.17286   -1.13930 1.17492   -1.13655 1.17701   -1.13377 1.17914
   -1.13095 1.18130   -1.12810 1.18350   -1.12522 1.18574   -1.12230 1.18802
   -1.11934 1.19033   -1.11635 1.19269   -1.11332 1.19508   -1.11025 1.19752
   -1.10715 1.20000   -1.10400 1.20252   -1.10082 1.20509   -1.09759 1.20770
   -1.09433 1.21035   -1.09102 1.21306   -1.08767 1.21581   -1.08428 1.21860
   -1.08084 1.22145   -1.07736 1.22435   -1.07383 1.22730   -1.07025 1.23031
   -1.06663 1.23336   -1.06296 1.23648   -1.05924 1.23964   -1.05547 1.24287
   -1.05165 1.24615   -1.04778 1.24950   -1.04385 1.25290   -1.03987 1.25637
   -1.03584 1.25990   -1.03175 1.26349   -1.02761 1.26715   -1.02340 1.27088
   -1.01914 1.27468   -1.01482 1.27854   -1.01044 1.28248   -1.00599 1.28649
   -1.00148 1.29058   -0.99691 1.29474   -0.99227 1.29898   -0.98757 1.30330
   -0.98279 1.30769   -0.97795 1.31217   -0.97304 1.31673   -0.96805 1.32138
   -0.96299 1.32611   -0.95786 1.33094   -0.95265 1.33585   -0.94737 1.34085
   -0.94200 1.34595   -0.93655 1.35114   -0.93103 1.35642   -0.92542 1.36181
   -0.91972 1.36729   -0.91394 1.37287   -0.90807 1.37856   -0.90211 1.38435
   -0.89606 1.39024   -0.88991 1.39625   -0.88367 1.40236   -0.87734 1.40858
   -0.87090 1.41491   -0.86437 1.42136   -0.85774 1.42791   -0.85100 1.43459
   -0.84415 1.44138   -0.83720 1.44829   -0.83014 1.45531   -0.82297 1.46246
   -0.81569 1.46972   -0.80829 1.47711   -0.80078 1.48462   -0.79315 1.49225
   -0.78540 1.50000   -0.77752 1.50787   -0.76953 1.51587   -0.76140 1.52399
   -0.75315 1.53222   -0.74477 1.54058   -0.73626 1.54906   -0.72761 1.55766
   -0.71883 1.56637   -0.70991 1.57520   -0.70085 1.58414   -0.69166 1.59319
   -0.68232 1.60235   -0.67283 1.61162   -0.66320 1.62098   -0.65343 1.63044
   -0.64350 1.64000   -0.63343 1.64964   -0.62320 1.65937   -0.61282 1.66917
   -0.60229 1.67905   -0.59160 1.68898   -0.58076 1.69898   -0.56976 1.70902
   -0.55860 1.71910   -0.54728 1.72921   -0.53581 1.73935   -0.52418 1.74950
   -0.51239 1.75964   -0.50044 1.76978   -0.48833 1.77989   -0.47607 1.78997
   -0.46365 1.80000   -0.45107 1.80997   -0.43834 1.81986   -0.42545 1.82965
   -0.41241 1.83934   -0.39922 1.84891   -0.38588 1.85834   -0.37240 1.86761
   -0.35877 1.87671   -0.34500 1.88562   -0.33110 1.89432   -0.31706 1.90280
   -0.30288 1.91103   -0.28859 1.91900   -0.27417 1.92670   -0.25963 1.93409
   -0.24498 1.94118   -0.23022 1.94793   -0.21536 1.95433   -0.20040 1.96038
   -0.18535 1.96604   -0.17021 1.97131   -0.15500 1.97617   -0.13971 1.98061
   -0.12435 1.98462   -0.10894 1.98818   -0.09348 1.99129   -0.07797 1.99393
   -0.06242 1.99611   -0.04684 1.99781   -0.03124 1.99902   -0.01562 1.99976
   0.00000 2.00000   0.01562 1.99976   0.03124 1.99902   0.04684 1.99781
   0.06242 1.99611   0.07797 1.99393   0.09348 1.99129   0.10894 1.98818
   0.12435 1.98462   0.13971 1.98061   0.15500 1.97617   0.17021 1.97131
   0.18535 1.96604   0.20040 1.96038   0.21536 1.95433   0.23022 1.94793
   0.24498 1.94118   0.25963 1.93409   0.27417 1.92670   0.28859 1.91900
   0.30288 1.91103   0.31706 1.90280   0.33110 1.89432   0.34500 1.88562
   0.35877 1.87671   0.37240 1.86761   0.38588 1.85834   0.39922 1.84891
   0.41241 1.83934   0.42545 1.82965   0.43834 1.81986   0.45107 1.80997
   0.46365 1.80000   0.47607 1.78997   0.48833 1.77989   0.50044 1.76978
   0.51239 1.75964   0.52418 1.74950   0.53581 1.73935   0.54728 1.72921
   0.55860 1.71910   0.56976 1.70902   0.58076 1.69898   0.59160 1.68898
   0.60229 1.67905   0.61282 1.66917   0.62320 1.65937   0.63343 1.64964
   0.64350 1.64000   0.65343 1.63044   0.66320 1.62098   0.67283 1.61162
   0.68232 1.60235   0.69166 1.59319   0.70085 1.58414   0.70991 1.57520
   0.71883 1.56637   0.72761 1.55766   0.73626 1.54906   0.74477 1.54058
   0.75315 1.53222   0.76140 1.52399   0.76953 1.51587   0.77752 1.50787
   0.78540 1.50000   0.79315 1.49225   0.80078 1.48462   0.80829 1.47711
   0.81569 1.46972   0.82297 1.46246   0.83014 1.45531   0.83720 1.44829
   0.84415 1.44138   0.85100 1.43459   0.85774 1.42791   0.86437 1.42136
   0.87090 1.41491   0.87734 1.40858   0.88367 1.40236   0.88991 1.39625
   0.89606 1.39024   0.90211 1.38435   0.90807 1.37856   0.91394 1.37287
   0.91972 1.36729   0.92542 1.36181   0.93103 1.35642   0.93655 1.35114
   0.94200 1.34595   0.94737 1.34085   0.95265 1.33585   0.95786 1.33094
   0.96299 1.32611   0.96805 1.32138   0.97304 1.31673   0.97795 1.31217
   0.98279 1.30769   0.98757 1.30330   0.99227 1.29898   0.99691 1.29474
   1.00148 1.29058   1.00599 1.28649   1.01044 1.28248   1.01482 1.27854
   1.01914 1.27468   1.02340 1.27088   1.02761 1.26715   1.03175 1.26349
   1.03584 1.25990   1.03987 1.25637   1.04385 1.25290   1.04778 1.24950
   1.05165 1.24615   1.05547 1.24287   1.05924 1.23964   1.06296 1.23648
   1.06663 1.23336   1.07025 1.23031   1.07383 1.22730   1.07736 1.22435
   1.08084 1.22145   1.08428 1.21860   1.08767 1.21581   1.09102 1.21306
   1.09433 1.21035   1.09759 1.20770   1.10082 1.20509   1.10400 1.20252
   1.10715 1.20000   1.11025 1.19752   1.11332 1.19508   1.11635 1.19269
   1.11934 1.19033   1.12230 1.18802   1.12522 1.18574   1.12810 1.18350
   1.13095 1.18130   1.13377 1.17914   1.13655 1.17701   1.13930 1.17492
   1.14202 1.17286   1.14470 1.17083   1.14736 1.16884   1.14998 1.16688
   1.15257 1.16495   1.15513 1.16305   1.15767 1.16118   1.16017 1.15935
   1.16265 1.15754   1.16509 1.15576   1.16751 1.15401   1.16991 1.15228
   1.17227 1.15059   1.17461 1.14892   1.17693 1.14727   1.17922 1.14566
   1.18148 1.14406   1.18372 1.14249   1.18593 1.14095   1.18812 1.13943
   1.19029 1.13793   1.19243 1.13646   1.19455 1.13500   1.19665 1.13357
   1.19873 1.13216   1.20078 1.13077   1.20282 1.12941   1.20483 1.12806
   1.20682 1.12673   1.20879 1.12542   1.21074 1.12414   1.21267 1.12287
   1.21458 1.12162   1.21647 1.12038   1.21834 1.11917   1.22019 1.11797
   1.22203 1.11679   1.22384 1.11562   1.22564 1.11448   1.22742 1.11335
   1.22918 1.11223   1.23093 1.11113   1.23265 1.11005   1.23436 1.10898
   1.23606 1.10793   1.23774 1.10689   1.23940 1.10586   1.24105 1.10485
   1.24268 1.10385   1.24429 1.10287   1.24589 1.10190   1.24748 1.10094
   1.24905 1.10000   1.25060 1.09907   1.25214 1.09815   1.25367 1.09724
   1.25518 1.09635   1.25668 1.09547   1.25816 1.09460   1.25964 1.09374
   1.26109 1.09289   1.26254 1.09205   1.26397 1.09122   1.26539 1.09041
   1.26680 1.08960   1.26819 1.08881   1.26957 1.08803   1.27094 1.08725
   1.27230 1.08649   1.27364 1.08573   1.27498 1.08499   1.27630 1.08425
   1.27761 1.08352   1.27891 1.08281   1.28020 1.08210   1.28147 1.08140
   1.28274 1.08071   1.28400 1.08002   1.28524 1.07935   1.28648 1.07868
   1.28770 1.07802   1.28891 1.07737   1.29012 1.07673   1.29131 1.07610
   1.29250 1.07547   1.29367 1.07485   1.29484 1.07424   1.29599 1.07364
   1.29714 1.07304   1.29827 1.07245   1.29940 1.07186   1.30052 1.07129
   1.30163 1.07072   1.30273 1.07016   1.30382 1.06960   1.30490 1.06905
   1.30598 1.06850   1.30705 1.06797   1.30810 1.06743   1.30915 1.06691
   1.31019 1.06639   1.31123 1.06588   1.31225 1.06537   1.31327 1.06487
   1.31428 1.06437   1.31528 1.06388   1.31628 1.06339   1.31726 1.06291
   1.31824 1.06244   1.31921 1.06197   1.32018 1.06151   1.32114 1.06105
   1.32209 1.06059   1.32303 1.06014   1.32397 1.05970   1.32490 1.05926
   1.32582 1.05882   1.32673 1.05839   1.32764 1.05797   1.32854 1.05755
   1.32944 1.05713   1.33033 1.05672   1.33121 1.05631   1.33209 1.05591
   1.33296 1.05551   1.33382 1.05511   1.33468 1.05472   1.33553 1.05433
   1.33638 1.05395   1.33722 1.05357   1.33805 1.05320   1.33888 1.05283
   1.33971 1.05246   1.34052 1.05210   1.34133 1.05174   1.34214 1.05138
   1.34294 1.05103   1.34373 1.05068   1.34452 1.05033   1.34531 1.04999
   1.34609 1.04965   1.34686 1.04932   1.34763 1.04898   1.34839 1.04865
   1.34915 1.04833   1.34990 1.04801   1.35065 1.04769   1.35139 1.04737
   1.35213 1.04706   1.35286 1.04675   1.35359 1.04644   1.35431 1.04614
   1.35503 1.04584   1.35574 1.04554   1.35645 1.04524   1.35716 1.04495
   1.35786 1.04466   1.35855 1.04437   1.35924 1.04409   1.35993 1.04381
   1.36061 1.04353   1.36129 1.04325   1.36197 1.04298   1.36263 1.04271
   1.36330 1.04244   1.36396 1.04217   1.36462 1.04191   1.36527 1.04165
   1.36592 1.04139   1.36656 1.04113   1.36721 1.04088   1.36784 1.04063
   1.36847 1.04038   1.36910 1.04013   1.36973 1.03989   1.37035 1.03964
   1.37097 1.03940   1.37158 1.03916   1.37219 1.03893   1.37280 1.03869
   1.37340 1.03846   1.37400 1.03823   1.37460 1.03800   1.37519 1.03778
   1.37578 1.03755   1.37636 1.03733   1.37694 1.03711   1.37752 1.03689
   1.37810 1.03668   1.37867 1.03646   1.37924 1.03625   1.37980 1.03604
   1.38036 1.03583   1.38092 1.03562   1.38147 1.03542   1.38203 1.03521
   1.38257 1.03501   1.38312 1.03481   1.38366 1.03461   1.38420 1.03442
   1.38474 1.03422   1.38527 1.03403   1.38580 1.03383   1.38633 1.03364
   1.38685 1.03346   1.38737 1.03327   1.38789 1.03308   1.38841 1.03290
   1.38892 1.03272   1.38943 1.03253   1.38994 1.03235   1.39044 1.03218
   1.39094 1.03200   1.39144 1.03182   1.39194 1.03165   1.39243 1.03148
   1.39292 1.03131   1.39341 1.03114   1.39389 1.03097   1.39438 1.03080
   1.39486 1.03064   1.39533 1.03047   1.39581 1.03031   1.39628 1.03015
   1.39675 1.02999   1.39722 1.02983   1.39768 1.02967   1.39815 1.02951
   1.39861 1.02936   1.39906 1.02920   1.39952 1.02905   1.39997 1.02890
   1.40042 1.02875   1.40087 1.02860   1.40131 1.02845   1.40176 1.02830
   1.40220 1.02816   1.40264 1.02801   1.40307 1.02787   1.40351 1.02772
   1.40394 1.02758   1.40437 1.02744   1.40480 1.02730   1.40522 1.02716
   1.40565 1.02703   1.40607 1.02689   1.40649 1.02676   1.40690 1.02662
   1.40732 1.02649   1.40773 1.02635   1.40814 1.02622   1.40855 1.02609
   1.40896 1.02596   1.40936 1.02583   1.40977 1.02571   1.41017 1.02558
   1.41057 1.02545   1.41096 1.02533   1.41136 1.02521   1.41175 1.02508
   1.41214 1.02496   1.41253 1.02484   1.41292 1.02472   1.41330 1.02460
   1.41369 1.02448   1.41407 1.02436   1.41445 1.02425   1.41483 1.02413
   1.41520 1.02402   1.41558 1.02390   1.41595 1.02379   1.41632 1.02367
   1.41669 1.02356   1.41706 1.02345   1.41742 1.02334   1.41778 1.02323
   1.41815 1.02312   1.41851 1.02301   1.41887 1.02291   1.41922 1.02280
   1.41958 1.02269   1.41993 1.02259   1.42028 1.02248   1.42063 1.02238
   1.42098 1.02228   1.42133 1.02217   1.42168 1.02207   1.42202 1.02197
   1.42236 1.02187   1.42270 1.02177   1.42304 1.02167   1.42338 1.02157
   1.42372 1.02148   1.42405 1.02138   1.42439 1.02128   1.42472 1.02119
   1.42505 1.02109   1.42538 1.02100   1.42570 1.02090   1.42603 1.02081
   1.42635 1.02072   1.42668 1.02063   1.42700 1.02054   1.42732 1.02044
   1.42764 1.02035   1.42796 1.02027   1.42827 1.02018   1.42859 1.02009
   1.42890 1.02000   1.42921 1.01991   1.42952 1.01983   1.42983 1.01974
   1.43014 1.01965   1.43044 1.01957   1.43075 1.01949   1.43105 1.01940
   1.43136 1.01932   1.43166 1.01924   1.43196 1.01915   1.43226 1.01907
   1.43255 1.01899   1.43285 1.01891   1.43314 1.01883   1.43344 1.01875
   1.43373 1.01867   1.43402 1.01859   1.43431 1.01851   1.43460 1.01844
   1.43489 1.01836   1.43517 1.01828   1.43546 1.01820   1.43574 1.01813
   1.43603 1.01805   1.43631 1.01798   1.43659 1.01790   1.43687 1.01783
   1.43714 1.01776   1.43742 1.01768   1.43770 1.01761   1.43797 1.01754
   1.43824 1.01747   1.43852 1.01740   1.43879 1.01733   1.43906 1.01725
   1.43933 1.01718   1.43960 1.01712   1.43986 1.01705   1.44013 1.01698
   1.44039 1.01691   1.44066 1.01684   1.44092 1.01677   1.44118 1.01671
   1.44144 1.01664   1.44170 1.01657   1.44196 1.01651   1.44222 1.01644
   1.44247 1.01638   1.44273 1.01631   1.44298 1.01625   1.44324 1.01618
   1.44349 1.01612   1.44374 1.01606   1.44399 1.01599   1.44424 1.01593
   1.44449 1.01587   1.44474 1.01581   1.44498 1.01575   1.44523 1.01568
   1.44547 1.01562   1.44572 1.01556   1.44596 1.01550   1.44620 1.01544
   1.44644 1.01538   1.44668 1.01533   1.44692 1.01527   1.44716 1.01521
   1.44740 1.01515   1.44763 1.01509   1.44787 1.01504   1.44810 1.01498
   1.44834 1.01492   1.44857 1.01487   1.44880 1.01481   1.44903 1.01475
   1.44926 1.01470   1.44949 1.01464   1.44972 1.01459   1.44995 1.01453
   1.45017 1.01448   1.45040 1.01443   1.45062 1.01437   1.45085 1.01432
   1.45107 1.01427   1.45129 1.01421   1.45152 1.01416   1.45174 1.01411
   1.45196 1.01406   1.45218 1.01401   1.45239 1.01395   1.45261 1.01390
   1.45283 1.01385   1.45304 1.01380   1.45326 1.01375   1.45347 1.01370
   1.45369 1.01365   1.45390 1.01360   1.45411 1.01355   1.45432 1.01350
   1.45453 1.01346   1.45474 1.01341   1.45495 1.01336   1.45516 1.01331
   1.45537 1.01326   1.45558 1.01322   1.45578 1.01317   1.45599 1.01312
   1.45619 1.01308   1.45640 1.01303   1.45660 1.01298   1.45680 1.01294
   1.45700 1.01289   1.45721 1.01285   1.45741 1.01280   1.45761 1.01276
   1.45780 1.01271   1.45800 1.01267   1.45820 1.01262   1.45840 1.01258
   1.45859 1.01254   1.45879 1.01249   1.45898 1.01245   1.45918 1.01241
   1.45937 1.01236   1.45956 1.01232   1.45976 1.01228   1.45995 1.01224
   1.46014 1.01220   1.46033 1.01215   1.46052 1.01211   1.46071 1.01207
   1.46090 1.01203   1.46108 1.01199   1.46127 1.01195   1.46146 1.01191
   1.46164 1.01187   1.46183 1.01183   1.46201 1.01179   1.46220 1.01175
   1.46238 1.01171   1.46256 1.01167   1.46274 1.01163   1.46293 1.01159
   1.46311 1.01155   1.46329 1.01151   1.46347 1.01148   1.46365 1.01144
   1.46382 1.01140   1.46400 1.01136   1.46418 1.01132   1.46436 1.01129
   1.46453 1.01125   1.46471 1.01121   1.46488 1.01118   1.46506 1.01114
   1.46523 1.01110   1.46540 1.01107   1.46558 1.01103   1.46575 1.01099
   1.46592 1.01096   1.46609 1.01092   1.46626 1.01089   1.46643 1.01085
   1.46660 1.01082   1.46677 1.01078   1.46694 1.01075   1.46710 1.01071
   1.46727 1.01068   1.46744 1.01064   1.46760 1.01061   1.46777 1.01058
   1.46793 1.01054   1.46810 1.01051   1.46826 1.01048   1.46843 1.01044
   1.46859 1.01041   1.46875 1.01038   1.46891 1.01034   1.46908 1.01031
   1.46924 1.01028   1.46940 1.01025   1.46956 1.01021   1.46972 1.01018
   1.46987 1.01015   1.47003 1.01012   1.47019 1.01009   1.47035 1.01006
   1.47051 1.01002   1.47066 1.00999   1.47082 1.00996   1.47097 1.00993
   1.47113 1.00990   1.47128 1.00987   1.47144 1.00984   1.47159 1.00981
   1.47174 1.00978   1.47190 1.00975   1.47205 1.00972   1.47220 1.00969
   1.47235 1.00966   1.47250 1.00963   1.47265 1.00960   1.47280 1.00957
   1.47295 1.00954   1.47310 1.00951   1.47325 1.00949   1.47340 1.00946
   1.47354 1.00943   1.47369 1.00940   1.47384 1.00937   1.47398 1.00934
   1.47413 1.00932   1.47427 1.00929   1.47442 1.00926   1.47456 1.00923
   1.47471 1.00920   1.47485 1.00918   1.47499 1.00915   1.47514 1.00912
   1.47528 1.00910   1.47542 1.00907   1.47556 1.00904   1.47570 1.00902
   1.47584 1.00899   1.47598 1.00896   1.47612 1.00894   1.47626 1.00891
   1.47640 1.00888   1.47654 1.00886   1.47668 1.00883   1.47682 1.00881
   1.47696 1.00878   1.47709 1.00875   1.47723 1.00873   1.47736 1.00870
   1.47750 1.00868   1.47764 1.00865   1.47777 1.00863   1.47791 1.00860
   1.47804 1.00858   1.47817 1.00855   1.47831 1.00853   1.47844 1.00851
   1.47857 1.00848   1.47871 1.00846   1.47884 1.00843   1.47897 1.00841
   1.47910 1.00838   1.47923 1.00836   1.47936 1.00834   1.47949 1.00831
   1.47962 1.00829   1.47975 1.00827   1.47988 1.00824   1.48001 1.00822
   1.48014 1.00820   1.48026 1.00817   1.48039 1.00815   1.48052 1.00813
   1.48065 1.00811   1.48077 1.00808   1.48090 1.00806   1.48102 1.00804
   1.48115 1.00802   1.48127 1.00799   1.48140 1.00797   1.48152 1.00795
   1.48165 1.00793   1.48177 1.00790   1.48189 1.00788   1.48202 1.00786
   1.48214 1.00784   1.48226 1.00782   1.48238 1.00780   1.48251 1.00777
   1.48263 1.00775   1.48275 1.00773   1.48287 1.00771   1.48299 1.00769
   1.48311 1.00767   1.48323 1.00765   1.48335 1.00763   1.48347 1.00761
   1.48359 1.00759   1.48370 1.00757   1.48382 1.00755   1.48394 1.00752
   1.48406 1.00750   1.48418 1.00748   1.48429 1.00746   1.48441 1.00744
   1.48452 1.00742   1.48464 1.00740   1.48476 1.00738   1.48487 1.00736
   1.48499 1.00735   1.48510 1.00733   1.48521 1.00731   1.48533 1.00729
   1.48544 1.00727   1.48556 1.00725   1.48567 1.00723   1.48578 1.00721
   1.48589 1.00719   1.48601 1.00717   1.48612 1.00715   1.48623 1.00713
   1.48634 1.00712   1.48645 1.00710   1.48656 1.00708   1.48667 1.00706
   1.48678 1.00704   1.48689 1.00702   1.48700 1.00700   1.48711 1.00699
   1.48722 1.00697   1.48733 1.00695   1.48744 1.00693   1.48755 1.00691
   1.48766 1.00690   1.48776 1.00688   1.48787 1.00686   1.48798 1.00684
   1.48808 1.00683   1.48819 1.00681   1.48830 1.00679   1.48840 1.00677
   1.48851 1.00676   1.48861 1.00674   1.48872 1.00672   1.48882 1.00670
   1.48893 1.00669   1.48903 1.00667   1.48914 1.00665   1.48924 1.00664
   1.48934 1.00662   1.48945 1.00660   1.48955 1.00659   1.48965 1.00657
   1.48976 1.00655   1.48986 1.00654   1.48996 1.00652   1.49006 1.00650
   1.49016 1.00649   1.49026 1.00647   1.49037 1.00646   1.49047 1.00644
   1.49057 1.00642   1.49067 1.00641   1.49077 1.00639   1.49087 1.00638
   1.49097 1.00636   1.49107 1.00634   1.49116 1.00633   1.49126 1.00631
   1.49136 1.00630   1.49146 1.00628   1.49156 1.00627   1.49166 1.00625
   1.49175 1.00623   1.49185 1.00622   1.49195 1.00620   1.49204 1.00619
   1.49214 1.00617   1.49224 1.00616   1.49233 1.00614   1.49243 1.00613
   1.49253 1.00611   1.49262 1.00610   1.49272 1.00608   1.49281 1.00607
   1.49291 1.00605   1.49300 1.00604   1.49309 1.00603   1.49319 1.00601
   1.49328 1.00600   1.49338 1.00598   1.49347 1.00597   1.49356 1.00595
   1.49366 1.00594   1.49375 1.00592   1.49384 1.00591   1.49393 1.00590
   1.49402 1.00588   1.49412 1.00587   1.49421 1.00585   1.49430 1.00584
   1.49439 1.00583   1.49448 1.00581   1.49457 1.00580   1.49466 1.00579
   1.49475 1.00577   1.49484 1.00576   1.49493 1.00574   1.49502 1.00573
   1.49511 1.00572   1.49520 1.00570   1.49529 1.00569   1.49538 1.00568
   1.49547 1.00566   1.49556 1.00565   1.49564 1.00564   1.49573 1.00562
   1.49582 1.00561   1.49591 1.00560   1.49599 1.00558   1.49608 1.00557
   1.49617 1.00556   1.49626 1.00555   1.49634 1.00553   1.49643 1.00552
   1.49651 1.00551   1.49660 1.00549   1.49669 1.00548   1.49677 1.00547
   1.49686 1.00546   1.49694 1.00544   1.49703 1.00543   1.49711 1.00542
   1.49720 1.00541   1.49728 1.00539   1.49737 1.00538   1.49745 1.00537
   1.49753 1.00536   1.49762 1.00535   1.49770 1.00533   1.49778 1.00532
   1.49787 1.00531   1.49795 1.00530   1.49803 1.00529   1.49811 1.00527
   1.49820 1.00526   1.49828 1.00525   1.49836 1.00524   1.49844 1.00523
   1.49852 1.00521   1.49861 1.00520   1.49869 1.00519   1.49877 1.00518
   1.49885 1.00517   1.49893 1.00516   1.49901 1.00514   1.49909 1.00513
   1.49917 1.00512   1.49925 1.00511   1.49933 1.00510   1.49941 1.00509
   1.49949 1.00508   1.49957 1.00506   1.49965 1.00505   1.49973 1.00504
   1.49980 1.00503   1.49988 1.00502   1.49996 1.00501   1.50004 1.00500
   1.50012 1.00499   1.50020 1.00498   1.50027 1.00497   1.50035 1.00495
   1.50043 1.00494   1.50051 1.00493   1.50058 1.00492   1.50066 1.00491
   1.50074 1.00490   1.50081 1.00489   1.50089 1.00488   1.50096 1.00487
   1.50104 1.00486   1.50112 1.00485   1.50119 1.00484   1.50127 1.00483
   1.50134 1.00482   1.50142 1.00481   1.50149 1.00480   1.50157 1.00478
   1.50164 1.00477   1.50172 1.00476   1.50179 1.00475   1.50187 1.00474
   1.50194 1.00473   1.50201 1.00472   1.50209 1.00471   1.50216 1.00470
   1.50223 1.00469   1.50231 1.00468   1.50238 1.00467   1.50245 1.00466
   1.50253 1.00465   1.50260 1.00464   1.50267 1.00463   1.50274 1.00462
   1.50282 1.00461   1.50289 1.00460   1.50296 1.00459   1.50303 1.00459
   1.50310 1.00458   1.50317 1.00457   1.50325 1.00456   1.50332 1.00455
   1.50339 1.00454   1.50346 1.00453   1.50353 1.00452   1.50360 1.00451
   1.50367 1.00450   1.50374 1.00449   1.50381 1.00448   1.50388 1.00447
   1.50395 1.00446   1.50402 1.00445   1.50409 1.00444   1.50416 1.00443
   1.50423 1.00442   1.50430 1.00442   1.50437 1.00441   1.50443 1.00440
   1.50450 1.00439   1.50457 1.00438   1.50464 1.00437   1.50471 1.00436
   1.50478 1.00435   1.50484 1.00434   1.50491 1.00433   1.50498 1.00433
   1.50505 1.00432   1.50511 1.00431   1.50518 1.00430   1.50525 1.00429
   1.50532 1.00428   1.50538 1.00427   1.50545 1.00426   1.50552 1.00426
   1.50558 1.00425   1.50565 1.00424   1.50572 1.00423   1.50578 1.00422
   1.50585 1.00421   1.50591 1.00420   1.50598 1.00420   1.50604 1.00419
   1.50611 1.00418   1.50617 1.00417   1.50624 1.00416   1.50630 1.00415
   1.50637 1.00415   1.50643 1.00414   1.50650 1.00413   1.50656 1.00412
   1.50663 1.00411   1.50669 1.00410   1.50676 1.00410   1.50682 1.00409
   1.50688 1.00408   1.50695 1.00407   1.50701 1.00406   1.50707 1.00406
   1.50714 1.00405   1.50720 1.00404   1.50726 1.00403   1.50733 1.00402
   1.50739 1.00402   1.50745 1.00401   1.50751 1.00400   1.50758 1.00399
   1.50764 1.00398   1.50770 1.00398   1.50776 1.00397   1.50783 1.00396
   1.50789 1.00395   1.50795 1.00394   1.50801 1.00394   1.50807 1.00393
   1.50813 1.00392   1.50819 1.00391   1.50826 1.00391   1.50832 1.00390
   1.50838 1.00389   1.50844 1.00388   1.50850 1.00388   1.50856 1.00387
   1.50862 1.00386   1.50868 1.00385   1.50874 1.00385   1.50880 1.00384
   1.50886 1.00383   1.50892 1.00382   1.50898 1.00382   1.50904 1.00381
   1.50910 1.00380   1.50916 1.00379   1.50922 1.00379   1.50928 1.00378
   1.50934 1.00377   1.50939 1.00377   1.50945 1.00376   1.50951 1.00375
   1.50957 1.00374   1.50963 1.00374   1.50969 1.00373   1.50975 1.00372
   1.50980 1.00372   1.50986 1.00371   1.50992 1.00370   1.50998 1.00369
   1.51003 1.00369   1.51009 1.00368   1.51015 1.00367   1.51021 1.00367
   1.51026 1.00366   1.51032 1.00365   1.51038 1.00365   1.51044 1.00364
   1.51049 1.00363   1.51055 1.00363   1.51061 1.00362   1.51066 1.00361
   1.51072 1.00361   1.51077 1.00360   1.51083 1.00359   1.51089 1.00358
   1.51094 1.00358   1.51100 1.00357   1.51105 1.00356   1.51111 1.00356
   1.51117 1.00355   1.51122 1.00355   1.51128 1.00354   1.51133 1.00353
   1.51139 1.00353   1.51144 1.00352   1.51150 1.00351   1.51155 1.00351
   1.51161 1.00350   1.51166 1.00349   1.51172 1.00349   1.51177 1.00348
   1.51182 1.00347   1.51188 1.00347   1.51193 1.00346   1.51199 1.00345
   1.51204 1.00345   1.51209 1.00344   1.51215 1.00344   1.51220 1.00343
   1.51226 1.00342   1.51231 1.00342   1.51236 1.00341   1.51242 1.00340
   1.51247 1.00340   1.51252 1.00339   1.51257 1.00339   1.51263 1.00338
   1.51268 1.00337   1.51273 1.00337   1.51279 1.00336   1.51284 1.00336
   1.51289 1.00335   1.51294 1.00334   1.51299 1.00334   1.51305 1.00333
   1.51310 1.00333   1.51315 1.00332   1.51320 1.00331   1.51325 1.00331
   1.51331 1.00330   1.51336 1.00330   1.51341 1.00329   1.51346 1.00328
   1.51351 1.00328   1.51356 1.00327   1.51361 1.00327   1.51366 1.00326
   1.51372 1.00325   1.51377 1.00325   1.51382 1.00324   1.51387 1.00324
   1.51392 1.00323   1.51397 1.00323   1.51402 1.00322   1.51407 1.00321
   1.51412 1.00321   1.51417 1.00320   1.51422 1.00320   1.51427 1.00319
   1.51432 1.00319   1.51437 1.00318   1.51442 1.00318   1.51447 1.00317
   1.51452 1.00316   1.51457 1.00316   1.51462 1.00315   1.51467 1.00315
   1.51471 1.00314   1.51476 1.00314   1.51481 1.00313   1.51486 1.00313
   1.51491 1.00312   1.51496 1.00311   1.51501 1.00311   1.51506 1.00310
   1.51510 1.00310   1.51515 1.00309   1.51520 1.00309   1.51525 1.00308
   1.51530 1.00308   1.51535 1.00307   1.51539 1.00307   1.51544 1.00306
   1.51549 1.00306   1.51554 1.00305   1.51558 1.00305   1.51563 1.00304
   1.51568 1.00303   1.51573 1.00303   1.51577 1.00302   1.51582 1.00302
   1.51587 1.00301   1.51592 1.00301   1.51596 1.00300   1.51601 1.00300
   1.51606 1.00299   1.51610 1.00299   1.51615 1.00298   1.51620 1.00298
   1.51624 1.00297   1.51629 1.00297   1.51634 1.00296   1.51638 1.00296
   1.51643 1.00295   1.51647 1.00295   1.51652 1.00294   1.51657 1.00294
   1.51661 1.00293   1.51666 1.00293   1.51670 1.00292   1.51675 1.00292
   1.51679 1.00291   1.51684 1.00291   1.51689 1.00290   1.51693 1.00290
   1.51698 1.00289   1.51702 1.00289   1.51707 1.00288   1.51711 1.00288
   1.51716 1.00287   1.51720 1.00287   1.51725 1.00286   1.51729 1.00286
   1.51734 1.00286   1.51738 1.00285   1.51742 1.00285   1.51747 1.00284
   1.51751 1.00284   1.51756 1.00283   1.51760 1.00283   1.51765 1.00282
   1.51769 1.00282   1.51773 1.00281   1.51778 1.00281   1.51782 1.00280
   1.51787 1.00280   1.51791 1.00279   1.51795 1.00279   1.51800 1.00279
   1.51804 1.00278   1.51808 1.00278   1.51813 1.00277   1.51817 1.00277
   1.51821 1.00276   1.51826 1.00276   1.51830 1.00275   1.51834 1.00275
   1.51839 1.00274   1.51843 1.00274   1.51847 1.00274   1.51851 1.00273
   1.51856 1.00273   1.51860 1.00272   1.51864 1.00272   1.51868 1.00271
   1.51873 1.00271   1.51877 1.00270   1.51881 1.00270   1.51885 1.00270
   1.51889 1.00269   1.51894 1.00269   1.51898 1.00268   1.51902 1.00268
   1.51906 1.00267   1.51910 1.00267   1.51915 1.00267   1.51919 1.00266
   1.51923 1.00266   1.51927 1.00265   1.51931 1.00265   1.51935 1.00264
   1.51939 1.00264   1.51944 1.00264   1.51948 1.00263   1.51952 1.00263
   1.51956 1.00262   1.51960 1.00262   1.51964 1.00261   1.51968 1.00261
   1.51972 1.00261   1.51976 1.00260   1.51980 1.00260   1.51984 1.00259
   1.51988 1.00259   1.51993 1.00259   1.51997 1.00258   1.52001 1.00258
   1.52005 1.00257   1.52009 1.00257   1.52013 1.00257   1.52017 1.00256
   1.52021 1.00256   1.52025 1.00255   1.52029 1.00255   1.52033 1.00255
   1.52037 1.00254   1.52041 1.00254   1.52045 1.00253   1.52048 1.00253
   1.52052 1.00253   1.52056 1.00252   1.52060 1.00252   1.52064 1.00251
   1.52068 1.00251   1.52072 1.00251   1.52076 1.00250   1.52080 1.00250
   1.52084 1.00249   1.52088 1.00249   1.52092 1.00249   1.52095 1.00248
   1.52099 1.00248   1.52103 1.00247   1.52107 1.00247   1.52111 1.00247
   1.52115 1.00246   1.52119 1.00246   1.52122 1.00246   1.52126 1.00245
   1.52130 1.00245   1.52134 1.00244   1.52138 1.00244   1.52142 1.00244
   1.52145 1.00243   1.52149 1.00243   1.52153 1.00243   1.52157 1.00242
   1.52161 1.00242   1.52164 1.00241   1.52168 1.00241   1.52172 1.00241
   1.52176 1.00240   1.52179 1.00240   1.52183 1.00240   1.52187 1.00239
   1.52191 1.00239   1.52194 1.00238   1.52198 1.00238   1.52202 1.00238
   1.52205 1.00237   1.52209 1.00237   1.52213 1.00237   1.52217 1.00236
   1.52220 1.00236   1.52224 1.00236   1.52228 1.00235   1.52231 1.00235
   1.52235 1.00235   1.52239 1.00234   1.52242 1.00234   1.52246 1.00233
   1.52250 1.00233   1.52253 1.00233   1.52257 1.00232   1.52260 1.00232
   1.52264 1.00232   1.52268 1.00231   1.52271 1.00231   1.52275 1.00231
   1.52279 1.00230   1.52282 1.00230   1.52286 1.00230   1.52289 1.00229
   1.52293 1.00229   1.52296 1.00229   1.52300 1.00228   1.52304 1.00228
   1.52307 1.00228   1.52311 1.00227   1.52314 1.00227   1.52318 1.00227
   1.52321 1.00226   1.52325 1.00226   1.52328 1.00226   1.52332 1.00225
   1.52335 1.00225   1.52339 1.00225   1.52342 1.00224   1.52346 1.00224
   1.52349 1.00224   1.52353 1.00223   1.52356 1.00223   1.52360 1.00223
   1.52363 1.00222   1.52367 1.00222   1.52370 1.00222   1.52374 1.00221
   1.52377 1.00221   1.52381 1.00221   1.52384 1.00220   1.52388 1.00220
   1.52391 1.00220   1.52394 1.00219   1.52398 1.00219   1.52401 1.00219
   1.52405 1.00218   1.52408 1.00218   1.52411 1.00218   1.52415 1.00217
   1.52418 1.00217   1.52422 1.00217   1.52425 1.00216   1.52428 1.00216
   1.52432 1.00216   1.52435 1.00216   1.52439 1.00215   1.52442 1.00215
   1.52445 1.00215   1.52449 1.00214   1.52452 1.00214   1.52455 1.00214
   1.52459 1.00213   1.52462 1.00213   1.52465 1.00213   1.52469 1.00212
   1.52472 1.00212   1.52475 1.00212   1.52479 1.00212   1.52482 1.00211
   1.52485 1.00211   1.52488 1.00211   1.52492 1.00210   1.52495 1.00210
   1.52498 1.00210   1.52502 1.00209   1.52505 1.00209   1.52508 1.00209
   1.52511 1.00209   1.52515 1.00208   1.52518 1.00208   1.52521 1.00208
   1.52524 1.00207   1.52528 1.00207   1.52531 1.00207   1.52534 1.00206
   1.52537 1.00206   1.52541 1.00206   1.52544 1.00206   1.52547 1.00205
   1.52550 1.00205   1.52553 1.00205   1.52557 1.00204   1.52560 1.00204
   1.52563 1.00204   1.52566 1.00204   1.52569 1.00203   1.52572 1.00203
   1.52576 1.00203   1.52579 1.00202   1.52582 1.00202   1.52585 1.00202
   1.52588 1.00202   1.52591 1.00201   1.52595 1.00201   1.52598 1.00201
   1.52601 1.00200   1.52604 1.00200   1.52607 1.00200   1.52610 1.00200
   1.52613 1.00199   1.52616 1.00199   1.52620 1.00199   1.52623 1.00199
   1.52626 1.00198   1.52629 1.00198   1.52632 1.00198   1.52635 1.00197
   1.52638 1.00197   1.52641 1.00197   1.52644 1.00197   1.52647 1.00196
   1.52650 1.00196   1.52653 1.00196   1.52657 1.00196   1.52660 1.00195
   1.52663 1.00195   1.52666 1.00195   1.52669 1.00194   1.52672 1.00194
   1.52675 1.00194   1.52678 1.00194   1.52681 1.00193   1.52684 1.00193
   1.52687 1.00193   1.52690 1.00193   1.52693 1.00192   1.52696 1.00192
   1.52699 1.00192   1.52702 1.00192   1.52705 1.00191   1.52708 1.00191
   1.52711 1.00191   1.52714 1.00190   1.52717 1.00190   1.52720 1.00190
   1.52723 1.00190   1.52726 1.00189   1.52729 1.00189   1.52732 1.00189
   1.52735 1.00189   1.52737 1.00188   1.52740 1.00188   1.52743 1.00188
   1.52746 1.00188   1.52749 1.00187   1.52752 1.00187   1.52755 1.00187
   1.52758 1.00187   1.52761 1.00186   1.52764 1.00186   1.52767 1.00186
   1.52770 1.00186   1.52773 1.00185   1.52775 1.00185   1.52778 1.00185
   1.52781 1.00185   1.52784 1.00184   1.52787 1.00184   1.52790 1.00184
   1.52793 1.00184   1.52796 1.00183   1.52798 1.00183   1.52801 1.00183
   1.52804 1.00183   1.52807 1.00182   1.52810 1.00182   1.52813 1.00182
   1.52816 1.00182   1.52818 1.00181   1.52821 1.00181   1.52824 1.00181
   1.52827 1.00181   1.52830 1.00181   1.52833 1.00180   1.52835 1.00180
   1.52838 1.00180   1.52841 1.00180   1.52844 1.00179   1.52847 1.00179
   1.52849 1.00179   1.52852 1.00179   1.52855 1.00178   1.52858 1.00178
   1.52861 1.00178   1.52863 1.00178   1.52866 1.00177   1.52869 1.00177
   1.52872 1.00177   1.52874 1.00177   1.52877 1.00177   1.52880 1.00176
   1.52883 1.00176   1.52885 1.00176   1.52888 1.00176   1.52891 1.00175
   1.52894 1.00175   1.52896 1.00175   1.52899 1.00175   1.52902 1.00174
   1.52905 1.00174   1.52907 1.00174   1.52910 1.00174   1.52913 1.00174
   1.52915 1.00173   1.52918 1.00173   1.52921 1.00173   1.52923 1.00173
   1.52926 1.00172   1.52929 1.00172   1.52932 1.00172   1.52934 1.00172
   1.52937 1.00172   1.52940 1.00171   1.52942 1.00171   1.52945 1.00171
   1.52948 1.00171   1.52950 1.00170   1.52953 1.00170   1.52956 1.00170
   1.52958 1.00170   1.52961 1.00170   1.52964 1.00169   1.52966 1.00169
   1.52969 1.00169   1.52971 1.00169   1.52974 1.00168   1.52977 1.00168
   1.52979 1.00168   1.52982 1.00168   1.52985 1.00168   1.52987 1.00167
   1.52990 1.00167   1.52992 1.00167   1.52995 1.00167   1.52998 1.00167
   1.53000 1.00166   1.53003 1.00166   1.53005 1.00166   1.53008 1.00166
   1.53011 1.00165   1.53013 1.00165   1.53016 1.00165   1.53018 1.00165
   1.53021 1.00165   1.53024 1.00164   1.53026 1.00164   1.53029 1.00164
   1.53031 1.00164   1.53034 1.00164   1.53036 1.00163   1.53039 1.00163
   1.53041 1.00163   1.53044 1.00163   1.53047 1.00163   1.53049 1.00162
   1.53052 1.00162   1.53054 1.00162   1.53057 1.00162   1.53059 1.00162
   1.53062 1.00161   1.53064 1.00161   1.53067 1.00161   1.53069 1.00161
   1.53072 1.00161   1.53074 1.00160   1.53077 1.00160   1.53079 1.00160
   1.53082 1.00160   1.53084 1.00160   1.53087 1.00159   1.53089 1.00159
   1.53092 1.00159   1.53094 1.00159   1.53097 1.00159   1.53099 1.00158
   1.53102 1.00158   1.53104 1.00158   1.53107 1.00158   1.53109 1.00158
   1.53111 1.00157   1.53114 1.00157   1.53116 1.00157   1.53119 1.00157
   1.53121 1.00157   1.53124 1.00156   1.53126 1.00156   1.53129 1.00156
   1.53131 1.00156   1.53134 1.00156   1.53136 1.00155   1.53138 1.00155
   1.53141 1.00155   1.53143 1.00155   1.53146 1.00155   1.53148 1.00154
   1.53150 1.00154   1.53153 1.00154   1.53155 1.00154   1.53158 1.00154
   1.53160 1.00154   1.53162 1.00153   1.53165 1.00153   1.53167 1.00153
   1.53170 1.00153   1.53172 1.00153   1.53174 1.00152   1.53177 1.00152
   1.53179 1.00152   1.53182 1.00152   1.53184 1.00152   1.53186 1.00152
   1.53189 1.00151   1.53191 1.00151   1.53193 1.00151   1.53196 1.00151
   1.53198 1.00151   1.53200 1.00150   1.53203 1.00150   1.53205 1.00150
   1.53207 1.00150   1.53210 1.00150   1.53212 1.00149   1.53214 1.00149
   1.53217 1.00149   1.53219 1.00149   1.53221 1.00149   1.53224 1.00149
   1.53226 1.00148   1.53228 1.00148   1.53231 1.00148   1.53233 1.00148
   1.53235 1.00148   1.53238 1.00148   1.53240 1.00147   1.53242 1.00147
   1.53245 1.00147   1.53247 1.00147   1.53249 1.00147   1.53251 1.00146
   1.53254 1.00146   1.53256 1.00146   1.53258 1.00146   1.53261 1.00146
   1.53263 1.00146   1.53265 1.00145   1.53267 1.00145   1.53270 1.00145
   1.53272 1.00145   1.53274 1.00145   1.53276 1.00145   1.53279 1.00144
   1.53281 1.00144   1.53283 1.00144   1.53285 1.00144   1.53288 1.00144
   1.53290 1.00144   1.53292 1.00143   1.53294 1.00143   1.53297 1.00143
   1.53299 1.00143   1.53301 1.00143   1.53303 1.00143   1.53306 1.00142
   1.53308 1.00142   1.53310 1.00142   1.53312 1.00142   1.53314 1.00142
   1.53317 1.00142   1.53319 1.00141   1.53321 1.00141   1.53323 1.00141
   1.53326 1.00141   1.53328 1.00141   1.53330 1.00141   1.53332 1.00140
   1.53334 1.00140   1.53337 1.00140   1.53339 1.00140   1.53341 1.00140
   1.53343 1.00140   1.53345 1.00139   1.53347 1.00139   1.53350 1.00139
   1.53352 1.00139   1.53354 1.00139   1.53356 1.00139   1.53358 1.00138
   1.53360 1.00138   1.53363 1.00138   1.53365 1.00138   1.53367 1.00138
   1.53369 1.00138   1.53371 1.00137   1.53373 1.00137   1.53375 1.00137
   1.53378 1.00137   1.53380 1.00137   1.53382 1.00137   1.53384 1.00137
   1.53386 1.00136   1.53388 1.00136   1.53390 1.00136   1.53393 1.00136
   1.53395 1.00136   1.53397 1.00136   1.53399 1.00135   1.53401 1.00135
   1.53403 1.00135   1.53405 1.00135   1.53407 1.00135   1.53409 1.00135
   1.53412 1.00134   1.53414 1.00134   1.53416 1.00134   1.53418 1.00134
   1.53420 1.00134   1.53422 1.00134   1.53424 1.00134   1.53426 1.00133
   1.53428 1.00133   1.53430 1.00133   1.53432 1.00133   1.53435 1.00133
   1.53437 1.00133   1.53439 1.00133   1.53441 1.00132   1.53443 1.00132
   1.53445 1.00132   1.53447 1.00132   1.53449 1.00132   1.53451 1.00132
   1.53453 1.00131   1.53455 1.00131   1.53457 1.00131   1.53459 1.00131
   1.53461 1.00131   1.53463 1.00131   1.53465 1.00131   1.53467 1.00130
   1.53469 1.00130   1.53471 1.00130   1.53474 1.00130   1.53476 1.00130
   1.53478 1.00130   1.53480 1.00130   1.53482 1.00129   1.53484 1.00129
   1.53486 1.00129   1.53488 1.00129   1.53490 1.00129   1.53492 1.00129
   1.53494 1.00129   1.53496 1.00128   1.53498 1.00128   1.53500 1.00128
   1.53502 1.00128   1.53504 1.00128   1.53506 1.00128   1.53508 1.00128
   1.53510 1.00127   1.53512 1.00127   1.53514 1.00127   1.53516 1.00127
   1.53518 1.00127   1.53520 1.00127   1.53522 1.00127   1.53524 1.00126
   1.53526 1.00126   1.53528 1.00126   1.53530 1.00126   1.53531 1.00126
   1.53533 1.00126   1.53535 1.00126   1.53537 1.00125   1.53539 1.00125
   1.53541 1.00125   1.53543 1.00125   1.53545 1.00125   1.53547 1.00125
   1.53549 1.00125   1.53551 1.00124   1.53553 1.00124   1.53555 1.00124
   1.53557 1.00124   1.53559 1.00124   1.53561 1.00124   1.53563 1.00124
   1.53565 1.00124   1.53567 1.00123   1.53568 1.00123   1.53570 1.00123
   1.53572 1.00123   1.53574 1.00123   1.53576 1.00123   1.53578 1.00123
   1.53580 1.00122   1.53582 1.00122   1.53584 1.00122   1.53586 1.00122
   1.53588 1.00122   1.53590 1.00122   1.53591 1.00122   1.53593 1.00121
   1.53595 1.00121   1.53597 1.00121   1.53599 1.00121   1.53601 1.00121
   1.53603 1.00121   1.53605 1.00121   1.53607 1.00121   1.53608 1.00120
   1.53610 1.00120   1.53612 1.00120   1.53614 1.00120   1.53616 1.00120
   1.53618 1.00120   1.53620 1.00120   1.53622 1.00120   1.53623 1.00119
   1.53625 1.00119   1.53627 1.00119   1.53629 1.00119   1.53631 1.00119
   1.53633 1.00119   1.53635 1.00119   1.53636 1.00119   1.53638 1.00118
   1.53640 1.00118   1.53642 1.00118   1.53644 1.00118   1.53646 1.00118
   1.53648 1.00118   1.53649 1.00118   1.53651 1.00117   1.53653 1.00117
   1.53655 1.00117   1.53657 1.00117   1.53659 1.00117   1.53660 1.00117
   1.53662 1.00117   1.53664 1.00117   1.53666 1.00116   1.53668 1.00116
   1.53669 1.00116   1.53671 1.00116   1.53673 1.00116   1.53675 1.00116
   1.53677 1.00116   1.53678 1.00116   1.53680 1.00116   1.53682 1.00115
   1.53684 1.00115   1.53686 1.00115   1.53688 1.00115   1.53689 1.00115
   1.53691 1.00115   1.53693 1.00115   1.53695 1.00115   1.53696 1.00114
   1.53698 1.00114   1.53700 1.00114   1.53702 1.00114   1.53704 1.00114
   1.53705 1.00114   1.53707 1.00114   1.53709 1.00114   1.53711 1.00113
   1.53712 1.00113   1.53714 1.00113   1.53716 1.00113   1.53718 1.00113
   1.53720 1.00113   1.53721 1.00113   1.53723 1.00113   1.53725 1.00113
   1.53727 1.00112   1.53728 1.00112   1.53730 1.00112   1.53732 1.00112
   1.53734 1.00112   1.53735 1.00112   1.53737 1.00112   1.53739 1.00112
   1.53741 1.00111   1.53742 1.00111   1.53744 1.00111   1.53746 1.00111
   1.53748 1.00111   1.53749 1.00111   1.53751 1.00111   1.53753 1.00111
   1.53754 1.00111   1.53756 1.00110   1.53758 1.00110   1.53760 1.00110
   1.53761 1.00110   1.53763 1.00110   1.53765 1.00110   1.53767 1.00110
   1.53768 1.00110   1.53770 1.00110   1.53772 1.00109   1.53773 1.00109
   1.53775 1.00109   1.53777 1.00109   1.53778 1.00109   1.53780 1.00109
   1.53782 1.00109   1.53784 1.00109   1.53785 1.00108   1.53787 1.00108
   1.53789 1.00108   1.53790 1.00108   1.53792 1.00108   1.53794 1.00108
   1.53795 1.00108   1.53797 1.00108   1.53799 1.00108   1.53800 1.00107
   1.53802 1.00107   1.53804 1.00107   1.53805 1.00107   1.53807 1.00107
   1.53809 1.00107   1.53810 1.00107   1.53812 1.00107   1.53814 1.00107
   1.53815 1.00107   1.53817 1.00106   1.53819 1.00106   1.53820 1.00106
   1.53822 1.00106   1.53824 1.00106   1.53825 1.00106   1.53827 1.00106
   1.53829 1.00106   1.53830 1.00106   1.53832 1.00105   1.53834 1.00105
   1.53835 1.00105   1.53837 1.00105   1.53839 1.00105   1.53840 1.00105
   1.53842 1.00105   1.53844 1.00105   1.53845 1.00105   1.53847 1.00104
   1.53848 1.00104   1.53850 1.00104   1.53852 1.00104   1.53853 1.00104
   1.53855 1.00104   1.53857 1.00104   1.53858 1.00104   1.53860 1.00104
   1.53861 1.00104   1.53863 1.00103   1.53865 1.00103   1.53866 1.00103
   1.53868 1.00103   1.53869 1.00103   1.53871 1.00103   1.53873 1.00103
   1.53874 1.00103   1.53876 1.00103   1.53878 1.00102   1.53879 1.00102
   1.53881 1.00102   1.53882 1.00102   1.53884 1.00102   1.53886 1.00102
   1.53887 1.00102   1.53889 1.00102   1.53890 1.00102   1.53892 1.00102
   1.53893 1.00101   1.53895 1.00101   1.53897 1.00101   1.53898 1.00101
   1.53900 1.00101   1.53901 1.00101   1.53903 1.00101   1.53905 1.00101
   1.53906 1.00101   1.53908 1.00101   1.53909 1.00100   1.53911 1.00100
   1.53912 1.00100   1.53914 1.00100   1.53916 1.00100   1.53917 1.00100
   1.53919 1.00100   1.53920 1.00100   1.53922 1.00100   1.53923 1.00100
   1.53925 1.00099   1.53926 1.00099   1.53928 1.00099   1.53930 1.00099
   1.53931 1.00099   1.53933 1.00099   1.53934 1.00099   1.53936 1.00099
   1.53937 1.00099   1.53939 1.00099   1.53940 1.00099   1.53942 1.00098
   1.53943 1.00098   1.53945 1.00098   1.53946 1.00098   1.53948 1.00098
   1.53950 1.00098   1.53951 1.00098   1.53953 1.00098   1.53954 1.00098
   1.53956 1.00098